V1	V2	V3	V4	V5	V6	V7	V8	V9	V10	V11	V12	V13	V14	V15	V16	V17	V18	V19	V20	V21	V22	V23	V24	V25	V26	V27	V28	V29	V30	V31	V32	V33	V34	V35	V36	V37	V38	V39	V40	V41	V42	V43	V44	V45	V46	V47	V48	V49	V50	V51	V52	V53	V54	V55	V56	V57	V58	V59	V60	V61	V62	V63	V64	V65	V66	V67	V68	V69	V70	V71	V72	V73	V74	V75	V76	V77	V78	V79	V80	V81	V82	V83	V84	V85	V86	V87	V88	V89	V90	V91	V92	V93	V94	V95	V96	V97	V98	V99	V100	V101
966-1	4	5	3	2	4	5	4	0	3	2	7	5	3	3	3	6	4	2	5	3	0	2	3	5	2	2	5	2	5	4	5	5	3	3	5	4	7	6	5	5	2	6	4	3	5	2	1	1	5	7	4	1	6	3	3	1	2	5	4	4	1	3	3	4	3	6	2	4	5	3	3	6	8	4	2	2	2	6	2	4	3	2	4	3	6	4	1	2	6	3	5	0	7	4	1	3	6	3	4	4
AAP99	82	101	95	98	103	93	111	75	91	99	88	99	83	98	99	113	98	101	107	112	95	92	99	87	100	105	97	85	110	92	81	100	89	101	116	88	91	99	90	106	100	94	102	94	90	100	98	100	86	117	89	91	83	106	92	87	98	92	99	86	95	98	85	98	97	103	95	93	97	105	99	72	109	75	116	103	95	99	90	101	95	93	90	100	85	97	104	98	81	97	87	80	91	101	100	92	98	98	102	92
Acetobacterium	4	4	7	4	4	2	5	2	2	2	2	4	3	5	4	4	7	4	2	5	1	3	2	7	4	7	4	6	1	5	5	4	9	3	4	5	2	3	4	4	8	3	3	10	3	4	3	3	2	6	1	8	5	4	0	7	5	6	5	5	5	5	6	4	4	6	4	2	2	10	5	4	4	5	6	3	3	2	5	5	6	4	8	2	4	5	5	5	3	8	3	1	5	3	6	5	8	4	3	2
Acetonema	0	0	2	2	0	1	4	2	1	1	2	0	1	0	1	1	0	3	1	2	1	1	0	1	2	0	1	2	1	0	1	1	0	1	1	0	1	0	2	2	2	2	1	0	1	1	0	0	0	0	1	2	0	3	0	2	0	1	1	2	0	1	1	2	0	2	1	0	0	2	2	2	3	0	1	0	1	1	0	3	1	1	1	0	3	0	0	2	0	3	2	3	1	2	1	1	3	0	2	0
Achromobacter	4	5	4	0	2	3	1	1	1	2	1	0	0	3	1	3	2	1	0	3	2	1	3	1	1	3	2	3	1	6	4	3	2	3	3	4	2	1	1	2	3	2	2	3	2	6	4	0	3	3	4	5	0	4	1	1	3	1	1	4	0	0	3	0	6	3	7	4	5	2	5	7	3	3	2	1	2	2	3	2	1	6	0	4	2	4	3	3	3	3	2	5	5	2	5	3	0	1	3	0
Acidaminobacter	1	7	7	4	3	1	3	1	3	5	6	4	7	3	1	2	9	3	7	3	2	6	2	9	5	3	3	6	3	0	7	4	7	5	9	5	2	2	6	1	9	5	3	3	5	2	8	6	0	2	4	3	6	1	1	3	3	5	5	2	6	5	4	4	3	3	4	5	4	1	0	1	6	2	2	3	2	5	2	1	4	6	5	3	3	1	7	6	3	8	2	4	1	5	1	4	6	2	4	4
Acidaminococcus	6	2	4	5	0	4	2	4	3	6	4	0	3	1	4	4	4	1	3	5	4	3	5	0	1	2	5	3	4	2	4	2	4	9	2	2	3	3	5	4	3	1	1	2	1	5	5	4	2	4	5	5	3	2	5	0	6	3	4	5	1	4	6	3	3	4	3	5	1	1	3	1	5	3	3	7	3	3	2	2	4	0	3	3	3	4	4	3	5	6	3	1	1	2	4	2	3	2	3	3
Acidibacter	8	17	13	10	13	15	8	9	11	8	8	15	9	11	7	12	10	10	8	15	13	11	11	7	13	6	6	12	9	9	8	4	12	9	6	11	8	16	7	7	9	12	10	9	5	12	12	13	6	9	12	9	6	7	12	11	9	8	13	11	10	12	8	10	11	3	13	9	14	11	14	11	10	14	20	4	7	6	10	15	19	10	9	15	8	11	13	11	10	17	10	11	6	10	14	12	14	8	7	5
Acidovorax	975	1017	937	1016	995	943	971	955	956	952	971	967	982	942	982	988	970	982	990	957	1053	1008	951	1004	933	971	967	977	995	1013	984	939	956	963	929	999	1004	983	960	896	922	986	940	932	951	937	966	976	960	958	1025	960	974	961	985	980	960	944	947	962	978	1017	1005	917	986	946	1021	930	946	940	1014	993	960	959	1003	966	934	983	955	1007	946	1021	1001	1021	1009	991	940	967	974	1012	1006	980	1009	980	1006	972	1019	962	986	940
Acinetobacter	35	55	40	42	51	44	37	40	42	37	45	52	45	40	36	43	43	55	31	46	43	49	54	54	50	45	48	44	42	43	46	52	41	44	43	52	41	47	56	43	43	36	37	48	41	46	41	41	48	46	35	41	40	44	43	40	55	45	41	39	33	47	46	38	38	35	35	52	59	42	44	40	50	47	45	33	40	51	42	46	45	50	44	34	42	46	39	44	34	35	47	55	31	44	39	56	42	41	47	44
Actimicrobium	2	1	3	0	4	1	3	3	0	2	5	0	3	3	2	1	1	1	3	3	1	3	2	1	1	2	1	2	2	4	3	1	3	1	2	4	1	0	4	1	2	2	1	0	1	4	0	1	2	2	1	0	0	2	2	1	1	1	3	1	0	0	1	1	3	2	1	3	1	1	0	2	2	1	2	2	5	3	2	1	0	2	1	3	5	2	1	1	2	2	2	0	4	4	5	1	2	1	2	2
Actinomyces	2	2	1	2	0	1	3	2	2	1	1	5	5	3	0	0	2	2	3	2	4	1	1	1	6	2	2	1	3	1	1	0	1	2	2	2	2	0	2	0	1	3	1	1	0	1	1	0	1	3	1	2	5	3	3	1	2	2	0	3	1	3	5	0	1	0	0	1	0	2	1	2	1	3	4	1	1	2	1	1	0	1	2	2	6	3	5	2	0	1	2	2	0	2	2	3	3	4	0	2
Aeromonas	163	158	161	179	161	183	156	160	171	170	175	159	152	185	182	153	144	180	166	141	172	163	154	171	163	175	167	176	159	170	162	159	145	185	163	169	166	165	186	146	166	175	176	154	170	171	163	138	161	155	156	173	180	145	163	148	165	167	170	148	164	160	135	156	174	170	163	159	164	179	130	157	167	167	163	159	167	171	162	143	163	180	155	133	171	162	158	176	174	162	160	157	159	148	165	183	157	145	169	161
Aetherobacter	1	0	2	2	2	2	2	1	1	3	4	3	3	4	1	4	3	2	1	4	4	3	0	1	0	0	2	3	2	4	7	2	3	2	3	4	1	4	2	2	2	8	4	3	4	3	1	6	4	1	1	3	2	2	2	4	1	7	1	1	6	2	2	5	5	1	1	5	1	6	3	2	3	0	6	2	3	5	2	2	5	4	5	1	1	5	3	1	5	4	1	4	6	1	2	1	0	2	3	3
Afipia	35	25	27	30	25	40	30	35	24	32	38	24	39	37	24	31	34	35	40	40	28	37	28	35	40	25	28	37	39	43	24	39	41	32	33	20	50	32	17	29	26	33	36	29	30	34	33	32	22	32	27	37	30	33	27	34	22	31	27	26	29	34	30	24	35	29	25	34	26	33	39	35	39	32	22	35	34	44	38	34	28	24	36	37	32	51	25	33	23	24	34	24	28	28	40	29	22	39	25	27
Agathobacter	30	28	35	18	37	29	22	23	25	22	24	22	26	26	25	25	22	25	27	23	14	39	33	27	23	18	26	25	24	33	23	25	24	22	21	20	26	14	21	34	16	22	23	22	21	29	26	21	36	34	23	26	23	30	30	24	22	32	28	24	30	35	27	21	21	19	16	31	20	34	24	25	22	27	21	20	28	33	24	22	28	30	25	31	23	24	22	26	30	22	25	23	28	26	20	28	24	19	33	27
Algoriphagus	12	6	19	8	10	16	11	9	9	10	12	8	11	14	7	11	9	12	4	11	10	15	10	12	16	7	10	7	7	16	11	9	13	14	11	11	4	12	8	11	9	6	13	13	9	14	7	20	12	7	12	9	12	15	7	8	15	17	11	10	10	9	10	14	8	15	5	11	9	6	7	8	11	17	6	14	12	12	13	12	5	10	17	8	15	8	11	15	8	10	13	4	11	13	3	10	11	8	8	12
Alicycliphilus	1	2	0	1	2	3	1	3	3	2	1	2	1	1	0	1	2	3	1	1	2	2	1	3	0	0	3	2	2	2	4	1	3	2	2	2	3	3	3	4	4	1	4	1	0	1	3	1	0	2	0	5	1	2	1	1	3	2	3	1	3	3	1	1	2	2	5	1	2	1	4	1	1	3	1	2	0	3	2	0	3	3	0	1	5	1	2	4	0	1	4	2	1	1	3	0	2	1	2	2
Alistipes	2	4	1	1	4	2	8	6	0	2	2	4	1	1	2	1	3	5	5	2	2	1	1	2	1	1	2	2	3	5	1	2	5	1	2	1	1	3	1	3	1	3	4	2	5	4	1	3	2	1	4	1	2	0	0	5	2	3	2	4	3	2	0	8	0	2	0	3	3	2	0	5	2	3	3	5	3	3	4	1	1	2	1	0	4	1	3	3	3	3	2	2	3	2	2	3	3	5	2	1
Alkanindiges	2	2	1	2	1	2	3	0	1	2	2	2	0	5	0	1	0	1	4	0	0	0	1	2	2	2	1	1	5	2	1	2	2	2	0	2	2	1	2	4	0	2	3	0	1	2	3	0	1	1	2	3	1	1	0	3	0	3	2	1	4	2	4	1	0	2	1	4	1	2	0	2	4	0	3	1	2	2	3	2	1	1	1	1	1	2	1	1	3	2	1	1	1	3	0	1	2	3	2	2
Allorhizobium-Neorhizobium-Pararhizobium-Rhizobium	54	60	52	69	57	64	55	48	50	55	54	51	47	57	67	45	47	51	56	50	51	50	51	52	48	52	49	47	56	54	54	66	64	48	56	49	56	48	57	65	45	52	43	43	57	48	63	48	49	59	58	42	54	47	63	53	52	55	47	58	55	52	47	50	41	55	66	48	58	44	67	62	59	57	45	44	53	45	54	53	57	54	53	70	64	62	54	38	51	42	45	61	55	47	51	52	44	62	61	61
Altererythrobacter	9	15	10	10	8	10	11	12	12	8	9	8	15	17	7	9	14	10	11	5	13	10	4	13	9	8	9	10	14	11	10	9	11	7	11	12	9	12	12	14	13	12	16	12	13	15	16	14	9	17	14	7	6	7	17	11	15	11	12	9	17	10	17	12	14	18	10	5	13	12	14	13	7	13	14	11	15	8	12	9	14	9	12	11	11	9	16	15	18	10	14	12	16	11	6	20	9	13	14	15
Amaricoccus	104	104	88	84	105	115	115	109	111	120	99	87	90	116	94	100	101	98	83	91	96	112	104	99	106	90	95	132	112	94	104	102	116	116	91	105	114	98	112	102	112	107	88	104	87	101	112	113	92	106	101	89	113	106	110	108	136	106	89	103	92	92	108	106	110	105	117	109	111	103	107	104	112	110	105	94	100	99	113	99	97	100	94	93	89	108	92	97	92	126	105	91	91	114	119	115	118	98	98	112
Aminobacter	10	3	10	10	8	10	11	7	11	6	4	9	12	6	5	3	4	6	12	10	12	4	14	1	0	6	8	8	6	6	10	7	8	5	8	6	7	8	7	8	8	3	10	3	2	10	10	8	7	7	10	8	5	10	13	6	3	7	5	14	10	11	12	7	3	5	9	9	10	7	6	11	6	6	9	2	11	7	4	8	5	3	9	4	6	10	6	10	6	8	10	9	8	6	9	12	7	3	5	5
Anaerofilum	1	3	1	1	1	1	0	0	2	3	2	3	4	1	0	0	0	2	2	2	1	2	2	3	2	0	2	0	0	1	1	1	2	2	1	5	0	3	0	0	1	2	0	1	0	1	1	2	3	0	3	2	2	0	2	1	5	1	0	1	1	0	3	2	4	0	2	0	2	2	0	3	1	1	2	3	3	1	0	3	0	2	0	1	0	3	0	1	2	1	0	0	0	2	0	0	1	1	0	1
Anaeromyxobacter	2	1	4	1	3	3	1	2	4	3	5	3	4	0	1	2	2	1	3	2	2	4	3	1	1	7	1	3	3	3	4	2	1	2	2	3	1	3	4	2	2	3	2	4	0	2	4	0	2	4	3	3	1	2	6	1	1	4	4	1	0	1	3	2	2	3	3	1	3	3	1	2	3	3	1	3	2	2	7	2	2	3	1	0	4	0	2	2	3	1	3	3	5	3	1	2	0	2	1	1
Anaerostipes	6	4	10	7	4	4	4	4	4	1	2	4	4	10	4	4	6	4	7	4	6	5	4	1	6	6	5	8	6	6	4	6	6	1	4	7	6	8	6	3	5	8	7	10	2	1	4	8	5	6	7	2	9	2	7	12	3	7	4	5	6	3	2	2	6	6	6	3	2	9	2	9	5	6	9	6	4	3	2	7	2	5	5	4	6	3	6	7	3	3	10	6	4	4	3	7	2	2	8	4
Anaerovorax	5	9	2	4	4	4	4	1	3	3	6	4	4	5	5	2	4	8	3	1	4	6	3	5	7	3	6	6	5	6	8	6	3	6	1	3	3	7	5	2	3	4	4	5	7	4	4	8	6	2	4	2	2	3	3	7	6	5	7	5	3	4	6	5	6	0	8	4	5	5	7	3	6	7	3	3	3	5	6	2	8	6	1	3	2	5	4	4	5	1	3	2	6	9	4	0	2	5	1	3
Aquabacterium	344	355	315	323	348	335	347	336	337	321	349	336	324	310	329	324	329	335	353	300	338	348	324	354	362	314	318	320	308	337	332	360	320	317	314	307	312	306	330	333	320	346	318	297	356	349	336	342	328	322	335	312	317	292	374	324	282	319	362	350	354	328	356	317	323	349	310	328	348	331	348	336	358	329	309	335	319	360	331	332	342	344	302	355	323	338	365	321	313	354	298	372	346	351	311	303	313	335	350	316
Aquicella	12	13	20	12	16	12	16	13	12	19	8	10	15	18	13	17	19	22	18	11	13	15	6	14	10	11	10	18	12	7	10	12	19	12	20	11	11	18	12	11	21	12	9	6	11	14	18	11	14	13	14	15	18	12	12	19	5	11	15	15	16	10	7	10	12	19	20	12	17	17	12	16	10	14	15	19	11	19	16	9	16	13	15	18	12	11	13	14	18	15	14	17	10	15	9	9	9	16	11	14
Arcicella	5	3	4	4	7	3	2	3	3	4	0	5	7	4	3	4	3	2	4	6	0	1	0	4	4	5	5	4	1	2	5	1	1	2	2	3	8	7	5	5	5	3	4	2	1	6	1	4	4	3	4	4	10	3	5	1	4	8	4	5	4	1	5	5	4	5	2	1	4	7	2	3	2	1	3	5	5	5	7	5	6	2	5	2	5	0	5	4	2	3	3	1	6	5	3	3	10	4	3	1
Arcobacter	5602	5591	5715	5649	5592	5778	5570	5621	5627	5615	5618	5645	5808	5628	5682	5563	5663	5592	5492	5698	5659	5543	5643	5650	5611	5700	5532	5634	5548	5614	5588	5585	5580	5583	5665	5495	5707	5674	5608	5775	5576	5559	5521	5559	5589	5582	5652	5737	5581	5645	5658	5562	5710	5583	5530	5610	5604	5677	5734	5665	5560	5622	5558	5660	5563	5568	5583	5565	5588	5684	5546	5663	5629	5547	5473	5682	5605	5667	5616	5512	5582	5636	5538	5543	5512	5576	5656	5604	5720	5708	5689	5554	5680	5699	5664	5605	5554	5661	5745	5766
Arenimonas	165	168	177	165	154	177	148	162	174	167	176	152	166	171	190	190	174	169	159	175	170	163	172	182	151	164	152	173	180	190	158	190	166	161	191	160	174	170	160	155	156	163	154	151	166	163	173	174	162	156	147	163	141	149	166	154	176	176	154	149	187	189	167	166	162	155	151	159	173	161	165	177	172	170	148	177	185	170	173	169	130	183	162	179	168	171	148	168	168	203	170	177	178	181	161	156	175	157	146	153
Armatimonas	8	5	2	1	6	2	5	8	5	2	11	5	4	3	4	4	5	7	6	6	5	2	3	6	2	4	7	4	5	4	7	4	7	2	2	3	1	4	4	8	2	5	5	4	6	6	6	3	5	3	2	3	0	7	7	5	6	2	7	7	10	2	5	3	9	2	7	4	6	2	10	5	4	5	7	9	9	7	3	3	1	3	4	5	6	4	1	5	7	6	8	3	3	4	6	2	8	6	7	6
Asticcacaulis	1	3	2	1	0	1	3	1	1	2	1	2	2	4	2	3	1	2	4	3	3	0	1	2	1	1	1	1	0	1	1	3	5	1	2	3	2	1	0	3	2	2	1	2	2	3	2	2	3	0	2	0	2	0	5	0	1	0	2	1	2	1	0	0	2	1	0	2	3	2	2	3	1	0	5	2	3	0	1	1	1	1	0	4	0	1	2	1	1	3	1	3	3	1	2	2	4	0	1	5
Atopococcus	11	8	14	10	14	13	15	11	13	11	13	15	15	11	9	17	15	12	12	12	12	12	14	7	10	17	11	11	16	13	13	12	13	13	9	10	14	14	8	16	7	14	10	14	14	13	15	13	11	14	7	12	10	14	10	18	13	11	9	15	9	10	11	20	7	11	16	10	14	13	13	11	13	5	13	5	12	5	13	21	13	16	7	11	13	4	13	13	8	15	7	14	9	8	12	10	12	11	11	12
Aurantimicrobium	11	6	9	8	9	1	7	8	6	8	7	9	3	6	4	8	7	5	11	6	9	9	8	5	7	6	7	5	5	6	3	2	6	7	11	9	9	7	11	6	8	6	13	12	7	8	3	4	7	10	12	12	11	3	15	7	8	5	7	8	6	4	2	10	8	6	9	8	7	9	6	5	7	6	8	12	10	7	9	6	5	4	6	4	4	7	6	9	4	1	4	9	6	8	8	9	3	3	8	4
Azoarcus	2	0	2	1	2	1	1	0	3	3	3	4	0	0	0	2	0	0	0	0	1	0	1	0	1	2	0	1	0	2	1	0	0	1	0	0	1	3	0	1	1	1	2	0	0	0	0	2	0	2	2	1	1	2	1	0	0	1	1	2	0	2	2	2	0	2	2	0	1	1	0	1	0	2	1	0	1	0	5	0	0	2	1	1	1	1	1	1	3	2	3	0	0	1	0	0	1	1	0	1
Azospira	1	4	3	3	2	5	1	2	2	6	5	2	5	1	1	5	2	0	1	2	0	2	0	3	1	0	1	0	4	5	1	5	1	2	3	3	1	3	3	2	0	0	2	2	0	1	2	1	3	2	0	1	0	1	1	3	3	2	3	3	0	1	2	1	4	2	1	2	0	2	2	2	2	2	0	2	2	1	2	3	2	3	3	0	0	0	1	3	1	2	0	1	2	2	2	1	3	1	1	2
BD1-7 clade	23	20	17	22	13	23	28	19	31	20	22	22	22	23	24	7	16	25	24	23	21	24	25	26	20	21	26	20	20	23	38	22	27	21	26	29	32	21	25	24	14	19	22	22	24	14	25	20	17	24	28	29	20	16	23	15	21	32	21	22	21	24	23	28	22	24	20	13	29	32	17	15	13	30	38	20	24	25	27	30	18	28	18	18	28	20	28	22	20	18	26	35	23	30	22	27	22	25	28	18
BSV13	1	3	6	2	5	4	2	1	4	1	3	2	1	2	1	3	0	3	1	1	2	3	4	1	3	3	5	1	4	2	1	1	3	2	2	0	3	4	2	0	4	3	5	0	3	4	4	3	3	2	1	1	2	1	1	0	6	3	1	2	4	6	1	4	2	4	2	3	4	2	2	0	4	7	5	2	2	2	4	6	3	2	2	4	3	3	4	2	2	2	1	3	4	3	2	1	2	3	2	3
Bacillus	32	34	30	31	31	43	33	29	34	33	33	39	36	44	40	30	27	26	30	42	24	32	30	31	28	26	26	24	30	30	27	26	30	19	25	23	25	25	27	29	29	23	39	34	28	30	34	35	34	29	28	32	30	24	24	26	35	34	30	30	32	34	32	31	35	26	26	25	40	35	28	27	27	25	37	23	30	29	19	29	38	21	35	33	29	31	24	29	30	26	29	43	27	26	32	34	22	26	28	39
Bacteriovorax	7	8	5	8	9	12	4	5	8	6	10	9	11	9	9	10	10	7	4	8	18	8	5	8	8	11	9	7	11	15	10	7	7	10	3	10	8	9	6	10	10	14	12	11	5	8	3	9	11	11	7	7	4	6	8	10	7	7	11	12	6	10	10	5	4	12	8	9	6	5	8	5	2	13	6	5	10	5	9	11	8	12	6	14	6	11	2	5	10	4	11	10	10	10	10	7	8	10	10	7
Bacteroides	8	6	10	4	5	5	8	8	10	4	8	11	10	9	6	7	3	6	7	6	6	8	5	8	18	7	4	8	5	3	7	6	7	7	10	3	5	8	5	3	7	10	5	4	7	4	10	10	8	7	9	5	11	8	5	7	4	4	6	8	2	9	9	9	8	3	6	2	4	7	7	10	6	10	7	6	4	8	2	7	8	7	10	5	4	9	5	8	7	8	3	7	6	4	9	6	2	6	7	10
Bauldia	6	5	3	2	2	7	4	2	4	6	3	1	4	2	5	3	3	2	2	3	2	8	2	2	2	6	1	5	2	4	4	5	4	6	5	0	3	0	1	1	2	6	8	3	1	4	2	1	5	0	3	5	6	6	5	5	4	4	2	6	7	5	2	2	4	1	3	1	5	4	2	3	2	3	5	2	4	2	4	3	3	0	5	5	3	2	2	3	3	4	7	6	3	3	5	3	3	3	4	6
Bdellovibrio	1	1	0	1	2	2	2	1	4	1	2	2	0	2	2	2	1	2	3	2	1	4	2	3	1	4	0	2	1	2	0	4	1	1	1	1	0	1	1	0	1	1	2	2	3	1	0	0	3	1	2	0	1	1	1	0	1	1	2	2	2	2	1	1	5	1	1	2	3	1	2	1	2	1	0	0	4	1	4	0	1	5	2	1	2	2	1	0	3	0	2	1	1	1	3	2	2	2	0	1
Blautia	46	58	59	66	62	51	56	64	60	42	63	57	50	54	55	60	62	71	62	49	67	64	56	61	57	53	55	51	58	64	56	54	58	49	50	65	58	60	52	48	47	60	54	47	49	53	46	43	47	58	42	53	46	50	65	59	61	65	43	54	54	47	52	64	55	57	41	60	54	48	54	55	56	63	57	51	53	50	55	62	70	58	61	52	55	70	50	45	64	53	56	58	53	50	63	49	63	58	45	46
Bosea	3	3	5	3	6	4	6	4	5	3	4	4	10	6	7	3	8	5	1	3	5	6	2	6	5	2	3	7	4	6	5	4	3	5	4	3	5	3	2	6	5	6	2	4	3	5	1	3	3	6	4	5	12	9	7	4	5	5	2	8	0	6	7	5	5	7	5	2	7	1	2	2	5	8	8	5	4	2	6	1	10	4	4	4	5	2	6	10	2	7	6	7	5	6	7	9	8	6	8	6
Brachymonas	0	3	0	2	1	0	1	2	1	1	0	2	2	1	1	1	1	0	1	1	2	2	0	2	1	0	1	0	1	1	0	2	0	1	1	0	1	0	1	4	1	1	1	0	0	0	0	1	0	0	0	0	1	0	1	1	1	1	2	1	2	0	2	0	1	2	1	0	1	2	0	2	1	1	2	4	0	1	1	2	1	1	0	0	2	1	1	1	0	4	1	0	0	1	2	0	0	0	0	0
Bradyrhizobium	39	22	29	30	32	28	27	30	30	33	29	35	27	36	34	26	27	35	32	29	33	42	31	27	24	36	29	33	36	31	36	24	31	29	28	36	25	29	33	19	27	43	28	34	37	23	36	46	35	34	27	28	30	27	30	29	30	37	18	36	31	30	31	26	36	34	24	40	23	26	34	21	26	36	34	44	30	45	32	21	32	33	40	27	37	31	33	28	33	25	29	37	33	30	31	29	26	34	31	42
Brevundimonas	15	26	17	13	15	19	17	17	17	15	12	26	30	22	27	22	15	22	21	28	20	27	25	20	22	23	23	20	31	26	21	19	14	18	17	23	19	13	18	17	22	23	17	17	20	17	16	23	19	11	17	19	20	22	21	22	20	23	19	24	19	26	16	24	14	22	17	23	20	23	26	25	19	27	19	19	13	15	18	21	25	28	21	15	25	22	20	26	13	24	20	25	27	13	29	22	17	18	20	20
Bryobacter	7	6	6	8	6	7	8	14	8	7	11	11	12	6	14	4	9	12	12	4	3	11	5	7	8	9	10	5	15	14	11	16	3	5	8	10	12	10	2	7	10	8	8	10	5	12	7	10	12	9	7	11	7	10	11	6	11	8	13	7	9	9	8	10	15	10	18	12	9	7	14	12	4	11	14	8	10	9	9	9	8	7	6	9	6	14	13	6	10	9	10	8	6	15	8	7	5	10	7	5
Budvicia	3	1	4	2	1	2	1	5	4	3	1	2	2	1	3	0	0	2	3	2	3	4	2	2	1	2	4	1	1	2	0	4	1	1	4	2	0	2	1	3	1	3	0	3	1	2	2	3	2	3	1	1	1	2	2	0	8	3	2	1	2	0	1	5	1	0	1	2	1	3	5	3	1	1	4	5	4	1	2	4	1	3	5	1	2	5	0	3	6	0	1	2	5	5	1	0	2	1	1	1
Buttiauxella	2	7	4	4	2	2	4	6	3	5	3	3	5	4	7	1	6	1	5	4	3	4	3	0	4	6	1	3	5	3	5	1	7	6	4	4	7	3	6	6	4	3	2	2	3	4	5	4	5	4	3	5	3	2	5	5	8	3	0	0	3	5	4	4	6	2	7	10	2	4	3	4	4	4	3	3	6	3	7	6	4	3	2	8	0	1	3	4	3	3	1	6	2	4	3	4	6	3	6	4
Butyricicoccus	0	1	1	0	0	3	0	1	1	1	0	3	1	1	0	0	1	0	1	0	0	3	1	0	2	3	1	1	2	0	0	0	0	3	1	0	1	0	0	1	0	2	2	1	2	0	2	0	1	0	0	0	1	0	1	0	0	0	2	1	2	0	1	2	3	1	3	2	2	2	2	1	2	1	0	0	0	4	1	0	2	1	1	3	0	0	0	1	2	2	4	0	1	0	0	0	0	2	0	0
Butyrivibrio 2	0	1	0	2	1	2	3	1	1	1	0	1	0	0	2	1	0	2	1	0	3	2	2	1	1	1	1	4	0	3	2	1	3	3	0	0	2	1	0	3	2	3	3	0	0	1	1	0	4	2	0	0	3	4	4	1	0	1	0	0	0	1	4	1	1	1	0	2	1	1	0	1	1	1	0	0	1	2	3	2	2	1	2	0	3	2	2	0	1	3	1	3	0	0	0	0	2	0	0	4
C39	4	4	2	3	2	5	1	6	0	1	1	2	0	2	0	3	1	2	1	2	4	0	4	2	1	4	1	2	4	4	1	3	5	2	0	1	2	0	3	1	4	3	2	6	2	2	4	3	3	1	4	2	1	2	2	3	2	2	4	2	3	2	2	2	1	4	1	3	4	5	7	2	1	5	6	2	2	1	1	1	0	0	4	4	1	4	4	2	1	2	1	2	3	4	5	4	4	0	2	0
CL500-29 marine group	38	32	48	24	32	31	31	43	41	31	43	31	39	44	37	26	38	19	33	37	35	35	47	33	38	23	47	29	45	40	31	38	34	43	32	41	37	33	53	44	43	35	38	50	26	38	39	27	38	34	42	39	41	29	44	25	44	24	41	36	35	45	37	42	43	38	28	31	45	44	34	26	43	47	37	37	33	36	37	28	28	42	33	41	37	29	44	33	46	32	35	31	32	40	31	33	42	33	27	37
CL500-3	4	1	1	4	2	0	0	5	2	1	3	3	1	2	3	4	1	5	6	3	2	2	1	6	2	2	2	2	3	6	2	3	2	3	2	4	5	4	3	2	4	1	2	5	6	3	2	1	4	2	3	2	3	5	0	3	3	3	2	4	4	3	2	3	0	0	5	2	3	3	2	4	0	2	3	0	1	2	2	3	1	1	2	4	1	0	2	1	3	5	4	2	0	5	2	1	7	2	1	5
CM1G08	5	5	7	7	1	5	1	6	3	4	3	9	3	7	4	4	4	7	6	2	3	7	2	5	5	2	4	6	3	4	1	5	3	5	4	4	7	6	1	2	7	6	1	4	5	7	5	5	3	3	6	4	0	3	7	3	7	7	3	4	6	5	5	3	6	3	4	6	6	8	8	3	4	4	4	1	1	5	7	9	6	3	4	2	5	5	2	5	3	8	6	5	3	4	2	4	1	4	2	6
Caedibacter	2	0	1	1	1	3	1	0	1	1	0	1	2	2	0	1	3	2	0	0	3	1	1	2	0	2	1	5	2	0	0	4	3	0	2	1	1	0	3	0	2	1	0	1	1	1	4	0	1	0	0	0	4	0	0	2	2	0	0	1	1	1	1	0	1	0	1	2	1	2	1	1	0	2	0	0	0	2	3	1	2	0	1	0	1	0	1	2	1	2	0	0	1	1	0	0	0	1	1	2
Caenimonas	118	140	140	139	122	134	130	130	113	128	129	132	139	131	128	121	138	126	111	144	124	156	126	133	133	142	131	135	143	131	128	117	143	136	124	150	122	122	108	137	122	145	118	121	134	143	143	121	128	140	141	142	132	125	125	153	143	139	126	169	126	139	127	126	134	136	142	129	128	114	129	126	132	133	143	134	162	127	145	154	117	113	127	134	133	144	111	151	125	134	137	125	139	140	153	140	114	134	136	122
Candidatus Accumulibacter	66	58	49	50	57	55	61	55	60	64	41	62	60	74	65	61	75	51	55	66	58	57	54	67	54	68	53	64	57	69	62	61	56	52	78	60	54	54	63	66	57	44	64	45	70	60	47	61	48	55	59	70	49	45	49	64	47	56	54	49	62	56	53	62	69	56	63	55	65	53	51	46	70	59	54	73	55	40	59	49	69	49	57	59	56	51	64	51	49	69	66	57	61	42	48	56	65	67	62	41
Candidatus Alysiosphaera	24	34	42	28	38	30	32	34	32	28	22	31	40	33	36	32	28	41	29	39	34	33	34	47	26	34	32	37	37	24	31	34	45	39	35	32	27	24	34	28	41	33	28	44	45	35	37	33	24	34	33	23	35	36	39	32	32	20	51	32	25	29	33	36	46	39	36	36	34	31	32	30	33	32	36	36	36	36	37	34	19	32	47	25	53	29	32	28	37	47	30	42	41	32	26	37	38	36	33	28
Candidatus Aquiluna	0	3	1	1	2	2	1	3	2	3	1	0	3	0	1	1	0	0	1	2	3	2	0	2	1	2	0	1	1	1	3	0	0	0	5	1	2	2	1	1	1	2	0	0	1	2	2	2	0	1	2	0	3	1	2	2	1	1	2	1	2	1	2	2	3	2	2	4	1	2	3	3	0	2	1	1	1	0	1	3	0	1	1	0	1	2	1	2	2	1	0	3	0	1	3	4	2	0	2	3
Candidatus Aquirestis	9	15	13	6	10	11	9	7	10	14	9	8	11	11	10	9	12	13	14	6	14	12	17	8	9	13	11	15	8	15	15	14	12	9	5	5	15	11	12	12	10	9	6	10	9	9	15	13	18	9	12	11	13	11	13	6	12	18	10	14	12	14	14	12	10	7	12	11	9	11	7	9	12	11	9	12	9	10	17	10	7	15	6	14	14	10	12	11	13	16	8	13	9	8	8	11	7	14	9	12
Candidatus Bealeia	5	0	7	2	0	0	4	4	6	4	2	3	4	3	6	10	3	2	3	1	8	3	2	7	5	6	2	3	2	4	5	5	4	1	3	6	2	2	4	4	4	2	2	9	4	1	1	8	1	3	4	3	1	2	4	4	3	3	4	8	4	2	2	3	1	3	7	3	5	5	1	9	5	3	3	6	4	4	5	1	4	10	4	5	4	7	4	5	2	4	3	5	3	4	3	1	7	2	1	3
Candidatus Berkiella	2	2	6	5	3	3	3	2	3	2	0	6	4	7	7	3	3	4	4	8	4	2	3	3	1	4	0	9	3	2	4	3	4	2	5	4	3	8	7	0	4	4	3	1	0	5	5	4	4	1	4	4	4	3	6	4	2	6	1	1	3	0	3	2	3	2	6	4	4	2	4	3	0	3	5	3	5	2	3	3	0	4	3	3	2	3	3	5	5	2	6	1	4	4	2	6	0	6	2	4
Candidatus Captivus	0	1	1	1	1	0	2	4	3	3	0	1	1	0	3	1	1	1	1	0	0	0	0	2	1	1	1	0	1	4	4	1	3	0	3	0	1	1	2	0	1	2	3	1	1	0	0	2	1	1	2	1	0	2	0	2	1	3	1	1	2	0	0	0	0	1	0	3	1	0	4	2	2	0	0	0	0	0	1	2	0	0	1	0	2	1	1	2	0	0	1	1	2	1	0	0	3	1	1	1
Candidatus Competibacter	7	4	4	9	6	6	7	3	3	3	3	3	2	4	3	4	4	6	5	4	4	5	5	4	6	4	1	5	7	0	5	8	2	3	3	3	6	9	4	8	7	7	6	5	4	5	4	6	4	2	5	3	9	8	7	7	4	4	3	1	6	7	1	6	4	3	3	6	6	8	9	3	1	3	3	3	4	5	2	7	5	1	2	3	4	6	6	3	5	5	6	6	8	10	7	6	6	3	9	8
Candidatus Endoecteinascidia	7	4	4	2	8	0	4	6	4	4	3	5	4	4	4	1	8	1	8	3	4	2	4	3	4	3	5	4	2	2	5	3	4	4	6	5	5	1	2	6	3	1	6	6	9	0	6	4	9	6	5	8	4	6	6	8	5	3	3	5	8	5	5	5	2	2	4	7	4	4	2	1	5	3	3	3	6	4	1	3	4	5	9	8	5	2	3	2	4	6	3	1	6	7	0	4	4	7	5	4
Candidatus Finniella	2	1	0	1	2	1	3	0	1	2	2	0	0	1	0	2	1	1	0	0	0	1	0	0	2	1	0	3	0	3	0	2	2	1	1	0	0	1	1	1	2	1	0	2	0	0	1	2	0	1	2	2	0	1	1	1	0	3	1	4	1	3	1	0	3	1	0	0	1	0	2	2	1	1	0	0	0	1	1	3	1	1	3	0	0	2	1	1	1	1	3	1	2	1	1	1	0	0	2	0
Candidatus Megaira	4	1	6	3	5	6	5	2	5	2	7	6	5	7	4	4	2	3	4	4	7	3	6	2	10	7	6	3	4	3	2	8	4	3	2	5	4	5	4	3	7	6	3	8	5	8	1	4	5	2	8	3	4	8	4	2	5	8	6	2	4	4	4	6	9	4	3	5	2	4	4	2	6	6	6	1	4	6	1	1	1	7	4	3	1	8	6	4	3	1	2	6	5	4	8	2	5	4	5	6
Candidatus Methylomirabilis	2	2	3	2	2	3	0	3	3	1	0	1	1	2	3	3	5	4	1	1	1	2	10	0	1	3	2	3	3	1	1	1	2	2	1	1	1	1	1	4	4	0	0	3	2	5	2	1	5	4	1	1	4	2	1	3	1	2	2	1	2	4	3	1	2	2	1	1	5	1	2	2	1	2	1	2	0	3	3	4	1	2	2	4	4	1	3	0	3	2	2	1	1	2	0	0	2	1	3	2
Candidatus Methylopumilus	21	21	26	20	23	17	18	16	29	21	25	11	10	21	14	14	20	19	16	28	17	19	20	20	15	12	11	18	25	23	15	20	20	17	24	18	17	18	19	17	22	24	14	20	18	13	28	18	23	19	28	21	16	25	22	23	15	22	16	15	22	12	15	13	18	19	16	18	19	16	10	30	20	18	15	18	24	19	15	22	13	11	21	19	18	15	25	16	16	25	26	15	23	18	13	16	27	16	21	20
Candidatus Microthrix	41	31	27	43	33	31	34	42	32	41	32	27	36	34	31	41	33	31	47	43	35	24	35	39	34	39	35	29	23	39	37	32	32	23	24	27	32	41	26	38	37	46	32	33	34	44	26	27	38	34	37	34	18	43	29	27	31	35	33	36	34	35	27	31	43	40	38	30	29	37	40	38	39	30	25	33	42	31	38	35	40	36	39	37	41	34	22	35	37	33	35	29	36	42	35	31	19	45	32	32
Candidatus Omnitrophus	3	10	10	11	11	6	10	5	6	10	10	8	6	5	4	10	5	5	7	5	8	8	7	3	10	2	7	2	6	6	7	4	9	8	7	5	4	6	6	6	8	3	6	7	14	7	1	7	4	10	7	8	5	11	6	5	2	3	6	2	6	4	3	6	5	11	3	5	4	8	4	4	5	8	7	5	12	5	4	13	8	8	6	7	6	5	4	5	5	3	2	10	6	5	6	6	6	3	10	4
Candidatus Ovatusbacter	4	4	1	6	3	2	6	2	4	5	3	6	2	4	1	8	4	3	4	3	2	2	6	7	2	6	4	3	2	2	2	3	6	3	3	6	7	6	7	5	6	3	5	3	3	2	3	3	4	4	5	2	5	4	5	6	5	3	3	4	1	4	3	5	7	5	2	5	5	5	6	1	4	1	4	5	3	3	2	4	7	5	6	3	6	5	5	4	2	3	8	4	5	0	4	3	3	4	2	4
Candidatus Paracaedibacter	7	4	6	5	8	7	3	7	3	6	4	5	6	5	4	8	4	7	4	1	5	5	4	5	9	4	6	11	2	7	6	5	9	3	5	3	6	4	3	5	8	5	5	5	5	6	9	6	5	2	6	10	7	7	4	3	4	5	4	12	4	5	2	1	6	7	6	8	5	8	3	5	11	5	4	6	6	5	9	4	2	4	9	5	6	7	3	8	10	7	7	4	6	2	10	4	9	5	4	6
Candidatus Planktoluna	13	9	8	8	10	7	11	10	11	12	9	10	9	11	8	12	8	18	9	15	8	13	12	10	4	5	5	12	10	6	6	9	8	6	11	9	6	11	7	10	11	6	6	7	7	4	10	13	7	10	11	8	4	9	13	8	7	11	10	10	7	9	7	12	6	7	12	8	10	9	7	7	9	10	10	9	6	9	10	4	11	9	8	6	10	5	4	5	9	12	9	8	9	6	8	6	11	12	12	7
Candidatus Planktophila	5	2	4	2	3	3	3	0	1	3	6	3	4	6	6	5	4	5	4	4	4	3	2	3	2	5	2	6	4	4	4	5	5	3	5	2	6	4	1	3	6	9	3	7	1	7	3	7	1	3	4	4	3	6	4	6	4	4	3	4	5	2	6	6	5	5	6	6	4	2	3	7	2	8	0	7	7	5	4	4	2	5	2	5	7	4	6	3	5	3	4	5	3	2	3	4	6	4	3	4
Candidatus Symbiobacter	136	153	157	147	134	177	151	177	135	156	155	157	155	153	152	158	148	142	170	140	125	164	168	134	158	147	167	161	132	159	176	153	143	152	169	138	160	164	148	160	152	155	177	151	156	162	141	135	159	149	144	160	153	160	153	145	163	140	188	183	139	147	176	153	136	149	173	159	152	152	175	140	146	171	153	145	141	174	137	167	145	162	145	150	149	145	149	139	152	161	138	160	153	147	130	139	152	155	157	160
Caulobacter	31	37	30	33	31	28	24	32	30	37	43	35	40	40	33	38	39	30	35	39	31	30	37	37	25	31	36	32	26	31	34	38	42	36	35	34	48	35	38	36	35	50	30	33	24	49	36	32	27	38	28	28	39	46	28	44	35	32	32	25	44	38	45	31	37	37	44	29	36	34	40	33	32	34	40	43	39	33	40	36	28	38	32	39	31	36	35	26	32	41	31	33	29	28	36	32	35	36	20	41
Cellvibrio	3	2	4	2	0	4	4	3	5	1	1	1	2	4	7	3	4	3	2	6	6	4	5	5	2	0	3	5	2	4	2	6	6	1	7	5	5	4	4	3	3	4	7	3	4	2	3	4	5	3	4	4	9	4	2	3	2	2	2	1	3	4	2	0	3	3	3	3	2	4	2	5	4	5	7	3	3	2	4	1	2	5	3	3	2	2	4	3	4	3	1	3	2	3	2	4	4	1	2	0
Cephaloticoccus	2	1	1	0	1	0	2	2	1	1	2	1	1	3	1	4	1	0	0	3	1	1	1	0	0	1	0	1	2	0	0	1	0	0	3	2	1	1	1	3	2	1	0	0	0	1	2	2	2	1	0	1	1	1	0	3	1	0	0	4	0	1	2	2	2	1	0	0	0	2	0	1	0	1	3	3	2	1	0	0	1	0	1	0	0	2	3	1	1	0	0	1	0	0	2	1	0	2	3	1
Cereibacter	12	8	9	7	19	11	15	10	12	7	10	13	6	17	16	9	9	10	12	15	8	5	6	12	13	11	11	13	14	5	19	9	10	10	5	7	9	12	9	12	11	8	12	14	11	10	5	6	13	12	6	10	7	18	17	9	10	20	12	6	11	10	14	9	18	10	6	13	11	15	7	16	11	11	12	8	15	11	13	14	12	10	9	10	14	6	9	12	10	12	12	9	13	6	11	7	10	16	13	9
Chelatococcus	0	1	2	0	5	0	1	0	2	1	0	3	0	1	1	4	2	2	2	1	2	2	3	0	3	4	0	2	3	1	1	1	2	1	2	2	1	3	2	1	3	4	2	4	3	1	2	2	2	0	5	3	3	3	2	3	3	3	2	3	2	0	2	0	4	0	3	1	2	0	3	1	1	0	1	3	4	2	3	2	0	2	3	2	1	3	3	2	3	1	3	0	5	3	4	2	1	1	2	0
Chiayiivirga	1	0	3	1	1	0	0	2	2	0	0	1	1	2	0	1	1	1	1	1	0	1	2	0	1	1	1	1	1	3	4	2	1	3	1	2	4	0	1	2	2	1	2	3	1	1	1	2	2	1	3	1	0	0	1	1	1	0	1	0	1	3	0	4	1	1	1	3	0	1	1	3	1	4	1	3	3	1	2	2	2	1	3	3	2	3	2	0	0	2	0	4	0	1	1	1	2	1	1	2
Christensenellaceae R-7 group	56	54	53	49	60	45	45	50	48	57	37	63	53	44	55	49	45	51	49	49	60	60	48	45	45	43	46	52	42	45	44	52	38	62	45	59	53	56	42	51	54	53	51	42	60	51	34	44	53	48	44	47	54	53	67	48	42	40	52	49	44	46	53	53	44	48	43	43	52	58	54	50	49	61	63	63	52	50	53	52	52	54	44	41	45	55	53	52	56	60	55	51	57	51	45	57	50	51	61	53
Chryseolinea	3	3	2	1	1	0	1	2	1	2	2	1	1	1	1	1	0	0	0	3	0	2	0	1	0	1	0	0	2	0	1	0	2	1	1	1	0	2	2	1	2	1	0	0	3	3	1	1	1	0	0	2	1	0	2	3	0	3	3	1	1	2	0	2	2	2	3	1	3	1	0	2	0	2	2	4	1	1	0	0	2	0	2	0	2	0	0	2	2	1	2	0	0	3	3	0	3	0	1	1
Chthonobacter	2	0	0	3	1	1	1	0	2	2	2	2	0	0	0	1	1	1	2	1	1	2	1	1	1	4	0	1	1	1	1	1	1	1	2	2	0	0	1	1	3	0	3	0	1	2	2	1	4	3	1	0	2	1	0	0	1	1	3	2	0	3	0	0	1	0	0	0	0	1	1	1	0	2	2	0	0	0	0	2	1	1	2	0	3	1	1	0	0	1	0	4	0	2	2	2	1	2	1	3
Citrobacter	35	22	27	32	29	21	29	27	26	22	19	23	27	26	31	33	40	27	15	29	24	18	19	23	24	32	31	36	27	33	24	25	21	22	28	24	26	27	25	27	22	25	28	29	18	26	23	21	29	39	25	24	26	17	32	37	13	30	30	45	32	28	28	33	24	28	22	33	25	23	23	28	26	41	28	27	36	33	23	33	20	26	29	28	27	29	32	25	23	29	13	30	27	18	23	19	23	24	24	30
Clostridium sensu stricto 1	66	58	63	80	56	77	82	78	65	75	70	57	68	70	65	77	69	75	69	78	84	78	83	54	60	68	79	57	66	64	79	66	61	69	71	64	63	63	77	72	68	81	74	68	70	69	72	70	84	84	59	81	74	67	76	63	74	61	79	88	72	69	69	66	67	70	77	68	72	67	73	73	63	69	70	76	77	66	61	72	66	67	78	78	73	78	66	83	79	58	63	91	69	65	70	63	77	68	70	82
Clostridium sensu stricto 12	2	1	1	0	1	3	2	0	2	2	0	0	3	2	2	2	1	4	2	1	4	1	2	0	1	2	1	0	2	3	2	0	0	2	3	4	5	3	4	2	2	1	3	6	2	5	2	3	4	2	0	0	5	2	2	2	2	2	1	1	3	0	6	3	5	4	4	5	2	3	0	4	2	2	2	5	2	1	4	2	3	2	4	2	3	4	2	1	3	5	2	3	3	1	2	0	3	3	2	3
Clostridium sensu stricto 13	3	3	0	2	2	0	2	2	1	1	3	2	0	1	2	5	4	3	3	2	2	2	3	4	3	3	2	2	2	0	1	0	3	3	1	5	2	5	4	1	2	3	0	4	3	1	4	2	3	2	2	0	1	2	4	1	2	3	0	2	2	4	4	2	3	1	1	3	0	2	0	4	2	3	3	3	2	3	1	1	2	1	2	0	2	0	3	4	1	4	0	1	2	3	1	0	2	2	4	2
Clostridium sensu stricto 9	1	1	1	1	1	0	1	0	0	1	3	1	2	0	3	1	4	0	2	3	1	1	2	4	1	2	1	2	2	2	0	1	1	0	2	1	3	1	0	1	1	0	2	3	7	2	4	2	2	1	0	0	1	1	0	1	1	1	2	0	1	0	2	1	1	1	2	3	2	2	2	1	1	2	2	3	2	1	2	1	1	1	0	0	2	2	0	0	2	0	3	1	2	4	2	2	1	2	1	3
Comamonas	115	106	107	110	117	90	109	127	101	101	103	129	94	106	134	93	94	91	87	106	89	107	119	113	85	111	122	107	94	89	108	101	119	95	111	91	93	83	90	93	98	105	98	90	111	102	97	110	103	98	85	97	97	95	98	85	111	109	116	97	114	100	96	111	98	104	106	113	105	90	106	80	113	97	97	96	94	109	91	106	96	97	112	118	112	102	102	106	104	87	118	90	111	99	99	81	96	110	83	93
Conexibacter	1	2	1	1	1	0	2	0	1	2	1	1	0	1	1	0	4	1	2	1	2	2	0	1	0	1	3	2	0	1	2	3	0	1	3	3	2	1	0	0	3	2	0	1	0	5	0	0	1	2	0	4	2	0	4	2	2	0	3	2	0	2	2	1	1	1	2	1	1	0	0	2	3	0	3	3	1	0	1	1	3	1	1	1	0	1	0	1	7	2	1	0	1	0	2	0	0	1	0	1
Coprococcus 1	3	2	1	0	0	1	4	2	0	1	2	0	2	2	0	2	2	2	5	1	0	0	0	1	6	0	1	3	1	0	2	4	1	2	3	3	2	3	2	3	1	1	1	1	0	1	0	2	1	1	1	1	2	1	1	0	1	0	1	3	1	1	3	2	1	1	2	2	1	0	2	0	2	1	1	1	3	0	2	2	1	4	2	1	1	1	3	2	4	2	0	3	3	1	3	1	2	1	1	1
Coprococcus 2	7	11	10	6	4	11	10	7	13	11	11	8	7	5	3	13	7	5	6	6	9	5	4	6	6	8	3	5	6	8	11	5	5	7	10	9	4	9	7	12	6	3	5	5	7	8	10	5	8	10	10	6	8	4	8	8	6	4	7	8	13	10	7	6	11	10	7	2	5	12	11	10	13	4	11	7	4	11	8	6	4	9	6	9	10	10	6	10	7	8	9	14	8	6	8	6	7	10	9	4
Coprococcus 3	8	5	8	5	9	4	7	8	2	5	6	3	4	6	5	8	4	3	8	4	3	5	7	5	5	3	5	4	1	5	6	4	5	3	4	5	6	6	3	2	6	5	6	2	5	5	4	5	3	5	4	5	7	5	5	6	3	5	2	7	4	3	7	2	5	1	4	5	6	1	4	3	5	6	6	1	11	4	4	7	2	4	5	4	7	2	5	4	6	5	4	3	3	4	4	1	3	5	6	4
Coxiella	12	10	11	11	8	7	8	5	11	10	14	16	10	5	8	9	5	4	12	8	10	6	10	5	6	11	7	14	6	11	11	6	15	9	4	6	9	15	10	10	7	5	6	10	9	10	6	21	8	10	9	10	6	14	9	9	11	7	6	12	9	10	3	10	5	7	11	9	13	12	8	8	13	10	4	7	14	5	13	8	12	8	10	15	6	12	7	6	6	10	12	7	9	8	10	11	11	7	6	11
Crenothrix	2	3	3	0	4	1	3	3	1	0	2	2	2	2	3	2	1	1	0	3	3	0	3	1	2	1	1	1	0	2	2	1	1	1	0	0	1	2	1	0	2	2	3	1	1	0	0	2	0	1	0	1	0	1	1	3	2	1	1	1	1	1	1	1	2	0	0	0	1	0	0	1	3	1	0	5	0	1	2	0	4	1	2	2	1	0	2	0	0	0	2	0	1	2	3	1	3	1	1	1
Curvibacter	31	30	39	32	37	36	32	29	32	37	31	33	31	40	29	23	32	39	37	30	34	35	29	41	44	30	32	32	30	29	41	37	38	33	23	23	37	45	33	40	32	22	38	25	33	19	30	30	44	28	28	41	36	36	33	34	36	29	39	22	26	27	28	29	47	33	37	31	23	28	30	29	39	42	27	35	33	38	29	32	42	32	34	34	27	30	20	33	34	28	37	23	26	31	25	25	36	33	39	39
Cyanobium PCC-6307	2	0	1	0	1	0	3	0	4	4	1	1	4	2	3	0	1	1	0	0	0	2	1	0	1	0	0	3	1	1	1	2	0	2	3	1	0	1	2	1	1	0	3	0	1	0	1	0	2	1	1	2	3	0	2	2	0	2	1	4	1	0	1	0	2	0	1	3	0	0	0	4	4	0	4	2	2	2	0	0	1	1	0	1	2	0	1	1	1	2	1	2	1	0	2	3	3	3	1	3
Cytophaga	1	0	1	0	2	3	2	1	1	3	1	6	2	2	4	1	2	2	4	1	2	1	4	3	1	4	3	2	3	8	1	2	1	2	1	2	2	1	1	2	3	5	7	3	5	2	4	0	3	2	6	1	2	3	3	3	1	4	1	2	3	4	1	11	4	3	0	6	5	2	3	2	3	1	2	3	5	3	2	3	3	1	5	0	2	1	5	4	0	2	4	4	2	1	4	0	3	4	6	4
DMER64	6	6	4	6	2	2	3	2	5	1	6	3	10	6	3	7	3	6	6	3	4	10	7	5	7	4	2	8	8	6	2	5	5	6	1	7	1	6	5	5	3	7	4	8	3	5	5	8	5	11	6	6	8	7	5	4	10	5	4	6	5	4	4	4	3	7	5	6	1	5	5	6	9	4	7	5	4	1	5	7	4	10	5	10	6	4	8	5	5	7	7	3	7	5	2	5	4	3	2	2
Dechlorobacter	8	8	4	12	6	10	10	10	6	11	10	8	14	14	4	9	14	6	8	5	11	10	12	7	3	13	3	7	8	8	8	13	11	7	6	9	6	10	10	6	6	6	9	6	5	8	6	9	5	7	11	7	8	10	7	9	8	7	6	9	7	14	8	8	10	7	6	5	12	9	8	11	3	7	10	11	5	10	9	8	14	9	7	5	6	13	6	7	12	10	11	4	13	9	7	8	10	5	11	8
Dechloromonas	970	1018	985	921	966	929	926	966	960	979	905	952	929	911	989	899	978	988	887	952	992	964	955	944	923	908	911	984	954	1003	914	916	1009	1000	967	914	930	906	946	967	918	990	981	963	952	963	1016	886	969	989	949	961	899	879	950	869	940	974	956	969	965	1036	918	897	947	940	903	931	933	950	886	975	930	923	923	949	903	921	996	947	939	901	911	943	989	986	906	975	949	942	918	902	971	962	975	946	930	917	954	940
Dechlorosoma	4	1	1	1	1	2	3	1	1	4	1	5	4	0	3	0	1	4	1	1	3	5	1	2	3	0	3	3	4	2	2	1	2	1	2	1	0	0	2	2	4	1	1	3	2	3	3	0	1	3	3	1	5	7	3	4	0	2	3	2	2	1	1	2	3	4	0	1	6	3	3	4	1	4	2	1	3	2	0	3	3	1	3	1	4	0	5	2	3	1	5	2	1	1	2	4	3	3	2	1
Deefgea	2	3	4	6	1	2	6	3	4	1	3	4	3	4	4	1	8	2	3	5	4	3	2	3	2	2	3	4	3	3	3	3	2	2	3	3	3	3	5	0	7	2	1	0	2	1	1	0	5	3	5	2	3	4	7	1	2	2	2	2	0	2	3	4	0	7	4	5	4	2	3	4	1	1	1	4	3	4	5	4	3	4	7	2	3	2	0	4	1	3	6	3	1	2	1	3	5	4	5	4
Defluviicoccus	1	1	2	0	4	0	4	4	0	0	2	4	2	4	3	5	2	2	3	1	0	5	1	2	2	2	3	1	2	2	3	2	2	1	1	4	1	2	2	0	0	2	2	0	1	1	1	4	1	3	0	0	1	2	2	1	4	6	1	1	1	1	1	3	1	1	0	3	2	2	2	2	3	1	1	3	3	0	1	1	2	2	1	1	0	3	1	3	1	2	2	3	1	1	2	1	3	1	2	0
Defluviimonas	31	34	36	31	42	38	25	40	42	36	39	31	34	31	41	32	33	34	42	37	25	49	33	37	44	25	48	32	37	32	38	34	41	40	33	33	33	31	35	31	34	38	38	32	41	35	31	37	34	35	37	33	28	41	26	36	31	36	45	38	32	29	37	43	36	40	41	36	30	35	34	41	32	31	29	27	30	31	34	29	34	35	36	38	29	36	29	37	45	31	25	29	31	31	36	36	42	34	35	25
Deinobacterium	2	1	0	0	1	0	1	1	2	1	0	2	2	1	1	0	1	3	1	2	0	1	4	1	2	2	4	2	1	1	3	4	1	0	2	0	3	1	1	0	2	1	0	3	0	1	0	1	0	1	1	1	0	3	0	1	0	2	1	1	1	1	0	1	1	0	0	3	0	0	1	0	0	1	0	2	1	2	0	2	1	0	1	1	1	2	0	2	0	0	0	1	1	0	0	2	1	1	0	3
Deinococcus	12	15	12	13	12	7	10	13	13	8	6	6	11	11	12	6	14	11	8	15	10	10	9	10	14	12	13	8	15	7	12	11	9	7	10	12	12	10	7	10	8	12	11	15	9	10	15	19	11	8	20	18	11	6	20	10	10	16	10	13	7	12	10	12	6	9	10	11	9	15	14	13	10	11	13	13	12	7	6	12	10	15	7	8	14	10	11	11	18	10	10	10	14	18	9	9	6	13	9	11
Delftia	5	5	11	5	6	9	8	7	6	8	5	2	8	6	5	5	5	10	10	11	5	11	6	9	5	5	4	9	8	2	11	10	9	9	9	7	4	7	8	10	9	5	6	12	11	8	3	10	8	11	12	2	2	10	4	6	9	5	7	7	5	6	8	8	8	8	9	5	10	9	10	12	11	5	14	6	8	10	9	5	7	11	10	3	9	16	6	7	9	9	10	10	10	12	7	5	6	7	10	6
Denitratisoma	41	54	64	61	58	54	47	50	56	46	68	53	47	69	51	69	58	61	48	67	53	58	52	58	59	65	65	43	58	63	56	71	50	52	59	64	57	45	51	52	73	47	50	58	56	55	60	60	62	56	49	49	51	59	53	56	55	64	48	48	43	43	58	54	60	48	58	61	57	58	59	59	60	48	60	58	67	58	48	55	59	49	67	60	51	60	58	51	57	57	58	52	51	61	60	70	64	54	62	45
Desulfatiglans	4	4	1	4	2	7	6	4	3	2	1	2	2	1	1	2	3	7	3	3	5	2	2	2	1	2	3	3	4	4	0	3	3	3	1	4	3	1	1	3	5	4	2	4	3	0	4	1	4	5	4	3	2	2	3	1	1	5	2	3	4	1	6	1	5	4	2	3	1	2	3	6	0	2	3	2	2	2	2	1	3	0	1	3	3	4	4	6	2	1	2	3	2	8	4	2	5	2	3	6
Desulfatirhabdium	1	1	4	0	0	1	4	2	1	2	2	3	1	4	3	2	2	3	2	2	0	0	1	5	1	2	1	1	3	1	2	4	1	2	3	1	2	2	5	2	3	1	3	3	3	7	1	2	1	2	2	1	4	3	3	2	3	2	1	0	3	3	2	3	1	5	2	1	1	1	1	7	5	2	2	2	1	1	3	1	1	0	2	3	5	2	2	3	3	1	2	2	5	1	3	5	0	1	1	5
Desulfobacca	8	9	5	8	7	6	7	10	8	8	3	6	4	15	8	4	5	10	8	9	10	13	8	10	9	6	4	10	12	7	6	4	8	7	10	9	9	6	2	13	8	7	10	9	9	11	8	7	12	6	8	9	7	7	11	4	6	7	11	7	7	5	8	10	13	6	13	4	7	6	7	5	6	8	16	7	7	5	5	4	5	7	4	3	8	9	5	7	9	4	7	4	8	9	9	2	5	9	5	12
Desulfomonile	4	2	1	4	5	3	1	3	2	4	2	3	2	0	2	1	1	1	0	1	2	2	1	2	3	0	1	5	2	0	1	4	0	0	1	2	2	4	0	2	2	1	2	4	2	3	1	3	0	1	0	0	1	1	3	0	3	0	0	3	2	1	2	1	4	1	4	3	0	1	0	1	1	5	3	2	3	3	3	1	3	5	0	3	1	3	2	3	1	0	0	2	1	6	1	2	1	0	2	3
Desulfovibrio	1	1	2	4	1	8	1	1	2	1	1	0	4	3	2	0	1	1	1	1	0	0	3	1	3	4	3	0	0	1	2	1	1	2	3	2	0	3	2	1	0	2	0	2	0	3	3	0	1	2	0	1	2	2	0	1	3	3	1	1	3	3	3	2	3	0	2	2	2	1	1	0	1	0	0	2	0	0	3	3	0	2	0	1	2	2	2	3	1	3	2	0	2	1	0	1	1	3	1	1
Desulfuromonas	1	3	0	2	1	6	3	6	4	4	4	2	3	4	4	3	3	4	3	2	5	0	4	2	3	1	4	2	3	0	4	2	1	6	2	2	3	3	3	0	3	1	1	4	1	2	2	4	2	1	3	4	1	3	1	5	2	3	6	3	2	3	1	2	3	1	5	1	4	2	2	5	1	2	1	3	1	3	3	2	3	3	4	5	1	2	2	3	2	0	3	1	3	3	0	2	1	3	5	4
Devosia	71	71	68	62	74	69	58	67	70	64	86	74	68	63	66	74	79	73	73	71	62	60	75	73	84	67	70	69	75	66	69	72	67	64	70	70	60	67	60	49	69	70	75	63	65	64	61	58	56	77	64	56	84	50	70	81	70	58	67	66	70	52	62	61	74	78	82	69	70	75	68	72	78	75	57	72	70	66	70	85	77	70	93	67	73	68	66	79	65	69	88	47	77	63	67	82	72	54	83	53
Dialister	6	7	2	3	3	6	3	2	1	2	3	4	2	2	9	2	1	6	3	4	4	5	2	0	3	4	2	2	3	2	4	4	3	1	2	5	3	1	2	2	3	4	1	4	5	2	3	2	5	3	2	2	3	7	5	1	6	5	4	5	3	3	2	2	6	2	0	1	1	5	1	4	1	4	3	6	1	5	4	1	6	2	5	5	3	5	4	1	2	8	2	2	5	3	4	1	8	3	2	6
Diaphorobacter	14	6	9	7	7	3	7	11	7	6	5	3	5	3	4	9	8	10	6	4	3	6	5	4	5	7	3	6	2	6	6	6	3	6	5	6	3	7	5	7	5	9	2	5	2	8	7	7	4	8	8	3	5	5	4	7	7	7	8	8	6	7	3	4	8	4	4	6	4	3	3	5	5	3	9	5	4	4	10	7	5	9	5	10	6	7	10	3	8	5	9	10	5	5	7	3	7	2	4	5
Dinghuibacter	19	25	29	32	31	24	30	31	24	45	26	25	26	28	33	32	44	41	36	39	33	27	27	29	27	41	28	41	34	25	42	30	25	23	35	33	29	30	32	30	35	34	30	32	29	32	32	35	35	27	38	24	34	37	22	33	27	23	25	36	34	36	37	38	23	41	37	23	35	42	36	26	29	32	36	31	26	32	25	31	32	30	29	36	39	26	31	38	32	26	26	33	28	33	31	26	35	21	27	32
Dokdonella	187	214	208	189	202	166	172	200	212	183	183	200	219	151	225	239	202	190	197	175	203	181	207	203	205	171	198	196	196	201	211	178	195	198	199	199	195	202	199	203	204	202	205	229	218	187	177	196	165	180	177	198	233	223	206	203	203	213	198	182	167	176	210	197	187	182	202	177	197	193	202	220	200	186	192	181	223	198	196	188	198	221	209	170	223	228	197	198	206	194	206	210	194	208	205	161	188	191	219	182
Dongia	11	7	15	9	6	9	5	13	8	9	11	17	12	7	8	7	11	8	9	13	7	8	9	13	14	12	5	8	8	6	10	9	10	11	11	7	8	6	14	13	9	10	8	11	14	9	11	8	3	14	7	17	10	10	13	11	11	3	9	9	6	10	8	12	11	10	8	8	9	11	10	7	10	12	12	8	5	8	10	16	11	11	8	12	5	4	9	8	6	9	8	9	9	9	15	7	17	13	9	7
Dorea	13	14	19	17	18	11	12	10	14	14	10	18	11	13	9	20	20	17	14	18	14	17	8	5	11	19	15	16	18	8	10	13	16	10	16	12	13	18	14	14	14	11	12	17	14	18	18	16	16	15	14	19	13	18	13	12	17	17	14	13	20	9	12	16	17	14	14	19	14	12	14	12	25	26	21	9	14	11	18	20	14	12	11	12	19	12	15	15	16	10	12	17	21	10	18	14	13	19	14	15
Duganella	26	27	19	23	23	25	28	20	17	23	20	28	28	15	23	23	29	27	19	29	21	23	17	18	27	11	17	20	33	25	26	22	15	28	25	14	23	20	23	22	21	27	22	16	21	24	22	22	27	24	19	21	19	30	18	26	24	26	21	19	22	16	23	20	24	27	28	16	30	21	31	22	24	18	22	33	31	23	19	26	26	13	27	17	22	19	26	33	24	19	17	21	15	23	22	18	28	31	30	21
Elev-16S-1166	1	1	0	1	1	1	0	0	2	2	0	1	0	2	1	0	1	0	0	2	1	1	0	1	1	0	0	1	1	0	3	2	0	0	3	0	4	0	2	0	2	1	1	1	5	1	0	0	1	1	2	1	0	0	0	1	0	1	0	1	0	1	3	0	2	0	2	3	2	1	0	0	3	0	1	1	1	0	1	0	0	0	3	0	0	2	0	2	1	2	1	2	1	3	2	2	0	3	1	0
Ellin6067	69	54	60	69	68	62	68	70	59	85	57	67	52	68	74	65	72	68	67	73	63	66	57	50	75	77	55	51	60	69	71	86	70	66	67	63	75	76	63	61	69	70	63	69	69	56	77	65	70	63	69	67	75	78	77	57	71	73	56	71	57	56	82	82	68	84	81	61	75	77	70	77	60	73	63	71	79	72	61	65	73	65	69	70	71	67	55	85	67	72	62	71	57	77	84	79	69	83	72	59
Enterobacter	9	10	7	9	6	11	14	10	5	8	8	12	11	8	6	8	10	9	4	11	3	12	5	8	11	9	8	8	12	4	18	9	11	8	9	10	6	9	8	8	9	10	11	10	11	11	10	11	3	12	10	10	12	12	12	4	8	13	11	5	12	9	10	7	15	12	14	9	8	10	8	8	10	8	9	16	12	11	3	8	12	6	7	11	7	8	8	4	11	15	4	8	12	7	12	7	10	9	12	12
Enterococcus	4	4	9	7	7	6	6	6	8	7	6	4	7	10	6	6	8	8	8	8	5	5	7	7	5	8	6	4	8	6	8	5	7	3	12	8	4	8	7	7	8	11	8	7	5	6	6	4	10	9	13	7	7	4	5	6	5	8	7	8	5	5	11	9	8	6	11	8	8	8	7	7	5	4	8	5	5	5	11	10	6	7	5	7	9	5	4	7	5	7	3	6	7	10	2	8	9	7	4	6
Erwinia	5	8	8	5	10	3	6	12	9	6	5	8	7	8	7	16	4	7	12	6	7	8	5	6	8	7	5	11	9	3	8	6	4	3	11	6	8	7	5	10	10	8	4	3	10	5	8	7	8	7	4	4	6	6	3	3	8	8	5	5	7	11	11	7	7	5	9	5	7	7	5	8	5	9	3	10	10	7	6	6	3	7	6	5	7	1	6	6	10	7	4	14	7	10	7	7	10	8	8	6
Erythrobacter	4	1	2	0	5	2	6	4	4	3	2	0	2	1	3	6	3	5	3	2	4	2	3	1	2	3	3	1	1	1	3	2	3	4	4	4	2	0	1	2	1	5	2	1	2	2	1	2	1	1	3	1	5	0	3	4	3	2	4	5	2	4	2	4	3	4	2	6	5	4	3	1	3	1	3	2	2	2	1	3	3	5	3	2	6	1	4	4	1	4	0	1	2	3	4	2	0	5	2	2
Escherichia-Shigella	43	39	53	49	45	45	48	43	45	52	41	48	47	39	40	45	37	40	42	38	41	46	42	53	37	39	39	46	46	47	48	38	47	40	51	29	49	37	52	46	36	46	47	55	36	49	49	36	51	46	42	63	55	42	42	71	42	39	42	57	49	37	41	39	43	58	51	44	40	46	54	44	44	54	41	43	50	66	47	56	41	40	47	42	60	59	39	44	46	43	55	59	53	42	52	50	44	45	46	39
Ethanoligenens	30	40	34	47	38	21	28	35	32	23	36	39	38	36	41	38	34	33	36	32	30	42	43	25	33	26	38	35	31	38	33	25	36	30	37	20	19	26	30	31	41	21	29	31	31	33	20	44	29	33	28	43	32	41	36	30	29	30	22	38	39	24	36	32	28	30	40	30	38	13	35	30	34	35	40	22	34	33	30	31	36	33	35	19	32	30	31	35	22	41	37	30	43	33	33	37	36	34	37	21
Faecalibacterium	56	44	55	51	47	47	40	48	49	41	51	50	49	50	37	50	43	48	50	52	43	51	51	41	55	48	41	31	55	52	49	48	46	60	50	52	50	56	63	60	41	53	44	50	42	60	48	48	61	57	58	47	39	45	47	50	53	39	40	37	52	55	49	45	48	41	46	49	50	68	52	53	33	57	50	57	47	56	43	49	46	50	62	45	57	39	50	61	45	53	43	47	54	48	45	49	31	45	39	48
Family XIII AD3011 group	0	1	0	1	0	2	0	1	2	0	1	0	2	1	2	1	2	2	0	0	3	6	0	2	2	2	1	2	1	1	0	1	3	0	2	0	1	1	0	1	2	0	1	0	0	2	0	2	1	1	0	2	0	4	2	0	1	1	0	4	0	0	0	2	2	0	1	0	1	0	3	0	0	0	0	0	0	3	0	3	3	1	1	2	2	2	0	0	0	1	0	1	1	4	1	3	0	1	1	2
Ferribacterium	1549	1532	1565	1628	1641	1558	1620	1616	1564	1577	1581	1628	1539	1604	1578	1624	1632	1597	1597	1605	1554	1652	1591	1604	1641	1593	1546	1621	1593	1522	1584	1580	1540	1609	1644	1590	1586	1586	1539	1611	1629	1630	1573	1567	1672	1632	1594	1602	1607	1594	1570	1591	1599	1648	1709	1528	1603	1578	1628	1641	1611	1549	1608	1588	1578	1643	1605	1598	1592	1569	1630	1635	1664	1589	1625	1613	1592	1581	1583	1545	1635	1593	1525	1585	1556	1549	1642	1597	1593	1553	1555	1506	1623	1545	1567	1627	1618	1577	1553	1583
Ferritrophicum	6	6	9	8	11	5	4	3	5	3	3	6	5	5	4	7	2	3	6	3	7	3	4	10	5	6	6	5	3	2	5	5	6	8	3	4	2	4	8	8	6	6	3	6	4	3	3	2	6	3	5	7	1	7	5	7	1	2	5	4	3	6	3	4	8	5	3	6	7	3	5	1	5	3	15	4	3	7	7	8	4	5	4	4	6	5	4	8	3	9	3	7	4	5	10	10	9	5	4	3
Ferruginibacter	222	198	212	193	203	180	156	206	239	202	198	166	209	182	221	207	206	186	183	204	200	197	210	194	193	209	217	195	201	200	185	190	219	197	164	200	195	190	231	202	203	183	183	208	222	198	173	190	224	189	192	230	214	202	201	204	198	209	191	204	220	197	201	198	204	185	211	186	229	193	209	210	176	192	177	190	190	213	209	210	212	204	227	192	202	168	204	178	204	219	191	196	211	194	200	205	219	185	208	210
Fimbriiglobus	8	9	8	10	14	6	10	7	7	7	8	13	11	8	16	10	10	8	10	12	6	9	9	11	18	17	4	10	6	13	12	8	13	11	11	11	12	10	4	15	16	9	7	11	11	12	10	7	10	12	6	7	15	9	6	10	8	7	11	9	8	9	12	3	10	11	12	10	13	9	14	12	11	6	6	4	7	6	14	9	8	8	16	7	17	10	14	8	4	12	9	11	7	11	5	14	12	11	5	9
Flavihumibacter	2	2	12	7	7	7	8	7	7	9	6	3	6	8	6	6	3	8	6	4	9	10	13	8	7	8	6	8	3	9	6	9	7	5	8	7	5	7	4	7	4	9	3	6	10	9	9	5	6	6	4	4	3	9	12	6	7	6	9	7	7	9	7	7	9	7	5	3	7	5	2	6	8	11	6	4	4	5	6	6	4	7	6	7	3	8	4	3	9	6	6	9	6	4	8	5	4	6	4	5
Flavitalea	1	2	0	0	1	1	1	0	0	1	1	1	1	3	0	1	1	1	2	0	2	1	1	0	1	0	1	0	1	1	0	3	0	1	2	1	1	1	0	2	1	1	2	1	2	2	0	1	2	1	1	0	0	1	0	0	0	1	1	0	2	1	0	0	1	0	3	2	2	0	1	2	1	0	0	1	1	2	2	1	0	1	0	1	0	0	1	2	1	0	1	2	1	1	1	0	0	1	0	1
Flavobacterium	358	350	376	378	373	349	373	377	371	391	346	353	340	377	329	388	359	362	360	371	360	390	361	382	396	338	375	353	402	368	396	383	377	379	392	351	393	351	381	370	402	348	399	390	410	352	396	384	375	386	381	373	356	388	378	369	396	356	392	335	370	356	394	383	356	375	401	416	377	373	398	359	388	369	350	368	398	359	367	396	337	382	359	365	340	389	358	349	374	391	363	387	359	395	397	386	339	388	356	363
Flectobacillus	1	0	3	3	1	1	1	5	1	2	3	1	1	1	2	2	1	1	1	2	1	0	0	2	0	2	1	0	1	3	0	0	0	3	1	0	2	2	1	1	1	2	1	1	2	0	0	0	1	1	0	2	5	1	2	3	1	1	1	0	2	1	1	1	1	2	0	0	3	0	0	3	2	2	2	0	1	3	2	1	0	2	2	1	0	0	1	0	2	1	1	1	2	4	1	2	1	0	0	2
Fluviicola	87	76	72	60	83	73	86	83	68	81	96	85	68	95	80	65	81	86	83	86	79	79	79	92	77	78	68	87	79	88	93	67	68	67	82	85	86	105	82	68	85	76	89	73	93	64	100	66	85	82	87	93	72	65	69	78	83	87	51	78	86	75	89	91	71	89	95	92	76	87	84	62	70	75	92	70	64	87	84	74	85	79	93	83	87	74	79	70	71	69	89	66	79	74	79	80	75	63	90	78
Fodinicola	14	10	16	13	11	12	16	18	16	10	14	16	10	16	19	5	17	10	14	16	11	24	14	13	10	13	14	11	21	15	8	22	15	14	15	13	8	13	11	8	11	24	16	16	21	18	15	19	15	17	15	11	16	12	12	17	10	13	16	16	9	15	10	13	17	16	12	14	12	10	11	9	14	21	9	16	9	14	10	12	21	14	15	17	18	13	13	10	18	5	7	13	8	21	15	15	11	12	13	17
Formivibrio	2	4	2	4	1	2	1	3	3	2	1	2	3	2	4	2	1	1	4	0	1	3	4	2	5	1	2	3	0	4	1	1	1	3	2	4	2	4	0	4	2	4	4	0	5	0	4	2	3	2	1	5	5	2	2	3	2	0	2	3	1	1	4	2	3	1	2	2	2	3	5	4	3	4	0	1	3	5	4	4	5	7	3	2	2	6	2	3	3	1	3	2	1	1	3	5	1	1	4	1
Fusibacter	19	7	14	18	18	10	18	12	20	18	18	15	15	16	10	20	14	17	21	17	16	17	16	19	20	6	14	21	15	13	14	17	15	16	9	23	14	12	16	20	24	11	19	19	21	15	19	21	19	14	16	24	16	14	15	17	13	9	19	17	15	9	17	14	23	21	21	18	10	13	27	12	27	20	13	19	22	21	13	17	16	19	14	18	20	13	17	14	18	13	13	22	19	19	21	13	12	18	19	13
Fusicatenibacter	28	23	26	20	25	19	30	38	24	24	24	28	21	30	31	21	19	27	25	22	27	28	24	27	19	18	20	22	25	30	18	29	20	29	19	17	24	24	21	29	25	27	26	19	26	25	25	34	15	21	21	28	26	25	21	18	21	28	25	27	22	19	16	24	26	27	21	23	19	32	33	18	24	26	21	23	30	32	30	31	18	17	23	20	12	31	25	24	24	27	22	22	23	19	22	23	23	29	16	18
GKS98 freshwater group	145	131	136	146	127	120	156	148	158	125	126	153	151	157	134	151	133	168	134	135	146	126	154	122	124	168	155	133	160	131	122	132	129	146	143	139	128	145	144	155	132	145	127	158	133	153	135	142	147	148	123	136	163	149	136	152	127	156	127	145	138	135	149	133	128	140	142	160	142	111	146	135	137	160	143	128	131	152	151	137	135	149	169	164	145	140	150	125	147	160	154	167	148	145	160	172	149	142	135	122
GOUTA6	2	4	0	0	2	1	0	2	0	2	3	1	2	0	1	1	1	1	1	3	0	3	2	0	1	1	3	2	4	4	3	4	1	1	2	0	1	3	2	1	3	0	0	0	1	1	2	1	2	1	0	0	2	2	0	0	0	1	4	3	1	1	0	2	0	0	1	0	2	1	1	1	1	1	1	0	1	0	2	0	2	0	2	1	2	1	2	1	0	2	3	2	1	1	0	2	0	0	1	2
Gaiella	3	4	3	2	4	1	3	0	2	1	3	4	5	1	3	1	0	2	2	2	4	4	5	2	4	3	2	0	2	0	0	5	3	4	7	2	2	1	4	2	2	2	2	1	1	3	3	3	3	3	1	1	3	4	2	1	4	2	1	2	2	2	1	2	2	1	2	2	4	3	2	1	3	4	2	2	2	1	0	5	3	2	1	7	2	2	0	4	3	1	6	2	1	2	2	1	1	5	3	5
Galbitalea	3	1	0	2	3	1	1	2	0	0	0	0	2	4	3	1	2	1	2	4	2	2	1	2	3	2	0	2	1	1	1	5	0	2	1	1	0	1	0	0	1	4	0	3	1	2	1	0	1	0	1	1	2	1	3	2	2	2	1	2	0	1	6	1	2	2	2	2	1	3	3	2	5	1	1	2	3	4	2	1	1	2	0	3	0	1	3	1	3	2	0	0	2	1	2	0	1	2	5	3
Gallionella	17	22	13	7	16	10	13	14	9	11	15	7	11	10	8	12	16	14	12	13	17	16	14	13	9	17	13	15	15	10	13	11	17	11	13	15	10	12	14	22	12	12	7	15	15	10	16	14	9	14	10	14	12	16	13	12	15	13	12	9	12	18	15	12	10	21	12	12	17	14	11	12	16	13	17	13	10	10	14	14	18	15	10	10	12	9	13	20	12	12	15	14	15	12	10	9	10	14	21	15
Geitlerinema PCC-7105	3	3	2	2	2	1	4	2	4	3	6	2	1	5	1	2	3	5	4	2	2	1	2	3	5	3	2	4	7	4	0	0	1	0	8	2	2	5	2	1	6	3	4	1	1	2	3	2	4	2	1	7	1	6	3	3	4	4	2	2	3	3	2	6	4	3	5	0	5	2	0	2	2	2	1	6	3	4	2	2	5	5	4	3	4	2	9	3	4	4	6	1	2	3	2	1	4	3	4	3
Geminocystis PCC-6308	2	2	0	2	2	1	0	3	1	1	1	3	1	0	0	0	1	1	2	1	0	0	0	1	1	1	0	1	2	0	2	1	0	2	1	1	1	1	1	1	0	2	0	2	1	1	2	4	1	0	2	1	0	1	2	1	0	0	2	1	1	1	1	1	1	1	0	0	5	2	0	1	0	2	0	0	3	1	3	1	0	1	1	4	0	2	1	1	3	1	2	0	2	0	0	1	0	0	1	2
Gemmata	5	3	5	5	3	4	5	5	3	3	8	5	5	8	4	1	5	6	9	8	2	3	7	4	4	6	4	4	4	4	7	4	8	4	8	0	3	4	4	1	1	6	5	4	2	9	6	4	8	6	10	7	3	6	5	5	4	1	5	7	6	6	4	4	4	4	6	9	3	3	5	2	3	5	2	3	3	6	1	4	5	6	4	8	6	4	2	2	6	8	1	9	4	1	3	8	5	4	4	1
Gemmatimonas	17	15	15	14	16	14	16	18	16	11	15	15	15	13	12	9	10	15	18	11	11	15	16	18	15	16	16	16	10	14	13	19	12	14	12	10	17	10	16	17	13	13	15	11	11	20	13	19	13	11	17	13	3	16	9	11	12	13	10	9	22	15	14	16	13	11	17	11	11	16	20	17	13	17	18	9	14	10	16	17	16	12	14	19	18	11	19	8	13	20	21	12	11	7	10	12	13	23	17	15
Gemmobacter	18	20	17	30	26	17	18	28	21	31	23	27	35	18	19	20	20	19	26	16	32	18	24	27	17	27	28	27	18	21	18	23	19	20	13	16	16	23	26	19	19	25	25	22	16	32	25	21	18	15	21	26	17	20	17	28	16	18	24	16	21	21	22	15	34	22	22	25	22	26	25	22	22	13	36	14	19	29	17	19	22	25	23	27	25	27	24	18	29	24	26	18	17	17	12	25	27	21	26	20
Geobacter	14	13	17	19	21	23	15	21	21	16	14	18	13	24	18	16	10	16	18	17	18	17	20	20	14	27	16	19	13	14	18	21	21	21	14	18	18	17	16	13	17	14	17	24	15	15	24	14	19	24	17	18	6	19	13	24	10	6	14	14	13	14	16	23	25	19	10	19	18	20	20	9	20	11	19	15	22	10	14	15	7	11	15	17	14	22	23	14	17	22	17	14	21	20	15	6	16	17	17	14
Georgfuchsia	3	2	3	4	6	3	6	4	8	4	4	4	4	5	3	6	7	7	5	4	4	6	1	3	7	2	4	4	3	4	2	5	3	7	1	6	4	0	4	2	7	5	2	4	5	2	5	5	2	3	6	2	2	3	8	3	2	5	5	6	4	7	2	5	2	2	6	3	3	5	5	1	1	4	6	4	2	3	3	6	0	2	6	3	5	4	2	7	8	3	3	2	1	6	3	6	5	3	4	6
Geothermobacter	5	2	6	5	8	4	3	7	7	5	4	6	7	9	3	5	6	9	8	4	9	5	7	5	6	9	7	5	9	4	6	10	6	5	3	5	5	4	7	3	10	10	11	5	4	8	10	4	5	7	9	6	13	5	6	2	7	6	3	9	4	5	6	4	2	3	6	12	6	6	2	7	7	3	7	4	7	3	2	4	5	1	7	12	11	8	4	8	3	9	7	2	8	4	4	3	4	2	4	5
Geothrix	1	4	1	1	2	2	1	4	3	0	3	3	2	0	3	1	4	1	0	1	1	1	3	0	1	4	2	2	0	1	0	1	0	1	1	2	0	0	3	0	1	1	0	0	4	0	2	0	3	0	1	1	3	1	2	2	3	0	0	1	3	2	2	2	1	0	0	3	2	0	4	1	0	2	2	1	1	3	0	3	0	2	1	3	2	2	1	1	3	1	1	2	0	3	0	0	3	2	2	3
Giesbergeria	5	7	7	4	13	4	8	6	4	5	4	5	7	11	9	8	10	10	8	7	3	8	8	7	11	7	8	8	8	9	11	8	5	4	8	4	7	4	3	8	5	13	8	12	10	5	6	8	3	11	14	6	9	7	7	8	13	11	8	7	8	7	5	7	5	5	5	6	7	10	7	7	4	10	3	6	7	3	4	3	10	7	5	4	6	5	5	9	5	6	8	10	11	9	5	7	5	7	6	3
Haematobacter	2	1	1	0	2	0	2	0	1	3	0	3	0	3	1	0	2	0	3	1	1	3	0	2	2	1	3	2	1	1	0	2	2	0	1	1	3	0	3	3	1	0	2	2	2	0	2	0	2	3	0	0	1	0	1	1	1	1	3	1	0	0	3	2	0	0	0	2	1	0	2	3	0	1	3	3	0	2	0	0	1	1	2	0	0	1	1	1	1	0	2	4	3	0	1	1	1	2	2	2
Haemophilus	0	2	1	0	0	3	1	1	1	0	2	1	0	0	2	1	2	0	3	2	0	3	1	3	1	1	4	1	4	2	2	1	1	1	5	1	2	3	1	1	2	0	1	3	3	1	1	1	0	0	1	2	1	1	1	1	1	1	3	2	0	1	0	1	2	4	0	1	2	1	0	0	3	1	1	3	2	1	1	2	1	2	1	1	0	1	1	3	2	1	2	0	2	2	3	3	0	1	3	0
Haliangium	1497	1507	1480	1504	1573	1488	1580	1492	1527	1537	1574	1502	1556	1521	1479	1550	1546	1548	1554	1463	1530	1529	1557	1513	1562	1494	1471	1486	1574	1479	1577	1569	1582	1548	1466	1549	1574	1572	1557	1482	1544	1515	1517	1594	1530	1580	1584	1553	1566	1545	1551	1498	1527	1545	1443	1513	1566	1671	1529	1518	1547	1508	1516	1492	1516	1511	1508	1533	1554	1548	1476	1526	1505	1482	1574	1437	1505	1474	1587	1529	1499	1486	1565	1535	1560	1552	1521	1432	1518	1460	1533	1545	1520	1492	1547	1543	1529	1553	1523	1535
Halioglobus	1	2	2	1	3	0	1	1	0	2	0	0	3	3	2	1	3	2	0	1	7	1	2	1	3	1	1	0	3	2	2	2	4	1	4	1	2	0	3	2	3	8	3	2	2	1	0	3	0	2	4	1	0	3	2	4	0	1	3	0	1	1	3	2	1	3	1	0	3	2	2	1	2	0	3	3	1	4	2	4	4	3	2	3	2	2	0	2	1	0	3	0	1	4	2	2	0	0	2	0
Haliscomenobacter	327	369	305	331	317	331	339	346	327	334	367	342	323	321	327	372	313	312	348	340	321	342	324	329	355	316	358	328	330	352	345	311	303	336	327	327	319	326	355	332	339	354	262	317	300	365	365	375	352	339	326	364	336	395	355	343	311	328	327	329	359	328	318	387	348	334	361	326	345	309	322	333	342	342	352	333	330	324	322	328	361	325	339	299	318	371	330	330	349	319	311	357	333	347	299	332	342	325	342	311
Halomonas	26	27	30	22	29	23	21	24	23	20	22	22	23	21	26	16	27	24	26	23	21	28	23	31	25	23	33	22	23	13	17	15	22	23	23	23	21	30	21	21	33	24	21	27	34	27	29	23	35	24	18	30	27	22	23	26	24	24	25	27	25	38	28	15	30	24	20	23	28	23	24	23	25	32	18	24	20	18	13	27	24	23	23	32	13	26	22	30	34	30	24	22	19	22	21	15	29	30	28	29
Halovulum	1	0	2	0	2	1	1	2	2	0	0	2	5	1	2	3	4	2	2	1	1	1	0	2	3	1	2	3	2	0	1	0	3	0	4	0	0	2	1	0	2	2	3	2	2	2	3	1	1	2	2	1	1	3	1	1	3	1	3	1	0	1	3	3	2	1	2	0	1	1	1	4	0	1	3	1	4	4	0	1	2	1	1	1	1	0	2	0	0	1	1	2	0	1	2	1	0	3	4	2
Herbaspirillum	2	2	5	2	2	4	2	3	3	1	5	1	4	2	3	3	4	3	4	4	4	2	3	7	3	2	1	4	4	6	4	4	3	2	3	1	2	6	4	1	2	3	6	2	5	3	5	4	2	5	3	4	3	2	2	3	5	5	4	5	3	5	4	1	7	2	4	3	5	7	7	2	3	3	2	5	1	2	8	3	2	7	5	3	4	4	4	4	4	1	1	3	1	3	2	3	3	2	6	3
Herbinix	0	2	1	1	0	1	3	1	1	0	2	1	0	2	1	3	0	1	2	0	3	2	1	2	2	1	2	1	1	2	2	0	2	2	2	2	1	0	0	1	0	0	1	2	1	0	0	0	2	0	2	1	1	2	0	0	0	3	4	0	1	3	2	3	2	0	1	1	1	1	1	1	0	1	1	2	0	2	2	1	2	2	4	1	1	2	2	1	2	4	1	1	1	2	0	2	3	1	0	0
Herminiimonas	8	10	3	3	10	11	3	8	6	5	7	4	6	4	4	8	7	5	7	6	6	4	6	3	7	12	14	5	5	10	5	2	8	9	8	7	15	10	9	13	3	9	15	11	9	5	3	6	10	12	5	5	17	14	7	7	9	8	7	7	4	11	3	8	6	2	11	6	5	9	6	7	5	5	7	3	6	8	6	10	9	3	7	10	4	6	3	5	12	5	8	13	6	10	10	12	6	3	6	8
Hydrogenophaga	276	291	304	296	258	330	295	279	278	286	264	272	289	279	305	249	286	253	278	277	265	250	271	301	299	284	268	283	293	275	271	273	304	274	270	292	284	277	302	286	291	263	314	273	282	267	288	303	274	295	297	270	275	291	260	243	279	268	279	311	286	288	284	286	309	285	265	268	267	294	308	264	262	266	261	263	266	292	293	262	270	278	253	302	274	294	267	300	270	282	290	291	237	305	294	267	286	290	258	282
Hyphomicrobium	144	137	114	118	136	164	133	142	132	140	111	123	113	153	136	119	132	125	134	155	152	126	131	154	146	116	129	120	124	137	108	140	141	140	129	124	139	136	137	125	120	140	128	145	128	140	169	135	136	117	129	129	136	134	160	143	127	118	118	142	145	134	142	143	118	145	118	149	133	158	141	121	155	133	121	119	155	151	148	130	127	124	114	119	144	126	154	156	111	159	130	120	127	135	134	125	139	142	130	146
Hypnocyclicus	2	2	1	0	4	1	4	0	3	2	1	5	1	3	2	2	4	0	3	5	2	1	2	2	4	1	4	4	0	5	4	1	2	5	6	2	2	1	5	4	6	1	3	4	1	3	2	2	0	2	2	4	1	2	4	0	2	2	0	2	3	4	1	2	3	1	2	5	2	5	4	1	5	2	4	2	1	2	1	0	1	2	0	2	3	2	3	4	1	1	4	5	1	3	1	2	3	3	3	2
IMCC26134	9	14	8	11	12	14	5	10	8	11	15	10	12	7	11	10	8	14	5	16	17	12	12	15	10	15	9	9	10	10	12	21	12	10	10	15	12	10	18	6	11	11	13	11	14	9	17	15	14	11	12	18	7	16	16	13	12	12	10	16	9	15	18	11	8	12	11	6	13	6	8	15	13	10	10	14	10	11	11	8	10	8	5	11	10	14	9	6	12	11	13	9	13	10	7	10	15	13	10	14
IMCC26207	12	10	9	12	7	16	9	11	17	7	6	10	10	9	9	11	7	13	9	11	12	13	5	10	10	8	14	16	8	11	12	9	12	10	4	5	9	11	9	5	11	18	12	7	15	7	10	9	14	11	20	6	13	9	11	10	9	9	13	16	9	10	10	10	13	14	11	14	13	12	6	15	10	11	11	11	9	10	10	11	9	15	13	11	7	8	9	11	12	12	6	8	13	8	8	15	12	10	6	11
IS-44	3	0	0	2	2	4	1	1	1	1	3	2	1	3	3	4	1	2	1	1	2	3	3	4	5	2	0	0	2	1	3	0	1	2	3	0	1	3	1	0	0	0	3	3	1	4	6	2	0	2	1	1	0	1	4	4	3	1	1	1	1	2	1	0	2	2	1	0	1	5	1	0	2	3	1	1	2	1	1	1	2	1	1	1	1	2	3	4	3	0	1	1	2	1	1	3	2	0	2	1
Iamia	10	11	12	14	11	13	7	8	16	7	11	4	6	19	6	9	8	11	9	16	6	5	3	11	7	6	7	7	7	8	12	7	10	6	7	8	11	11	8	8	15	10	11	18	16	8	9	6	6	9	6	9	11	12	9	6	8	11	11	14	9	14	13	4	13	10	14	8	7	9	12	9	8	6	8	8	9	9	7	4	12	9	8	11	8	8	12	4	6	3	9	8	7	10	7	5	13	12	5	6
Ideonella	37	53	54	48	47	36	42	55	49	55	43	52	59	38	49	45	52	42	50	51	50	50	44	39	49	62	53	52	59	42	48	59	57	51	49	49	39	46	50	47	48	48	67	46	43	41	47	48	40	57	50	36	60	33	57	42	60	51	51	44	55	50	55	52	38	44	48	36	57	45	47	56	53	46	48	49	40	37	46	45	38	56	47	48	48	48	59	62	44	45	54	41	54	55	37	60	59	35	45	40
Ilumatobacter	4	8	8	6	7	6	5	7	5	3	6	2	7	4	7	5	7	9	4	6	8	4	8	4	5	8	11	1	10	6	9	10	7	2	9	6	7	8	6	5	3	11	6	7	4	8	5	8	5	10	8	11	3	4	3	6	5	5	2	7	7	4	9	5	5	4	9	8	6	2	7	7	4	7	4	2	1	2	5	7	9	13	4	8	3	5	9	4	5	3	4	4	5	4	6	7	9	7	7	3
Inhella	42	40	38	38	36	31	47	44	46	41	38	49	41	39	49	45	39	45	34	34	43	38	41	34	43	40	36	45	50	49	43	27	41	43	26	48	42	28	44	25	41	42	46	28	41	43	37	29	48	37	50	40	45	37	34	46	47	39	35	34	47	42	37	43	33	40	42	37	48	28	44	49	44	42	43	38	40	25	37	40	41	42	38	47	42	46	35	38	22	28	46	43	45	33	37	39	34	34	44	58
Intestinibacter	6	12	14	8	7	7	9	13	6	13	11	9	6	8	6	6	8	9	6	12	17	5	8	8	7	3	6	6	8	8	10	6	8	6	5	7	9	5	11	5	8	0	10	4	5	7	4	9	9	5	8	6	3	6	14	12	9	6	9	6	6	6	12	8	6	9	10	9	9	3	7	10	5	5	6	8	5	7	6	8	7	3	7	5	13	5	5	7	13	6	6	10	2	10	7	11	9	5	6	6
Iodobacter	1	1	3	2	1	2	2	2	1	1	0	3	0	2	2	3	2	2	3	3	2	1	4	0	1	1	0	1	4	0	0	2	1	0	1	2	6	2	1	1	1	0	1	5	2	2	1	0	3	1	1	1	1	0	1	2	3	0	1	0	2	3	2	3	2	3	3	2	2	2	1	0	2	2	2	2	0	2	2	1	2	0	5	0	3	4	3	4	4	1	1	2	3	0	2	2	1	0	3	1
Janthinobacterium	25	23	33	16	26	33	24	19	34	21	31	26	31	19	22	19	17	25	17	25	19	17	27	20	20	22	25	21	24	24	28	20	30	24	17	17	16	20	25	20	20	26	29	27	25	19	14	28	14	16	24	25	29	22	23	23	23	22	25	13	26	19	26	30	29	16	24	23	26	14	24	22	21	19	20	27	18	25	35	24	19	21	22	22	21	24	26	21	23	32	21	17	26	32	25	29	27	23	26	29
Kaistia	4	2	3	4	3	3	4	1	2	4	3	5	4	4	5	5	4	3	6	5	2	1	1	7	2	2	2	2	4	1	6	6	7	1	5	5	5	1	1	5	4	1	4	2	5	2	3	6	2	6	5	4	4	2	4	3	1	1	3	3	5	7	5	6	3	4	2	6	1	2	2	2	1	1	1	2	2	2	4	1	3	4	2	2	4	3	2	6	4	2	3	7	3	0	1	1	2	3	2	2
Kerstersia	3	3	2	2	3	4	3	2	5	5	3	6	5	4	1	5	6	4	7	7	6	7	1	1	7	1	2	2	2	6	2	1	1	4	4	0	5	0	1	6	5	2	2	5	1	3	6	1	0	1	1	7	3	4	4	1	3	5	9	3	4	2	1	2	2	5	4	1	2	7	2	4	5	4	5	4	4	2	1	5	4	3	3	5	6	1	4	5	5	3	6	1	10	1	3	4	4	3	4	6
Ketogulonicigenium	7	5	6	7	8	4	5	6	4	1	0	7	5	1	2	5	4	5	5	5	3	8	6	7	7	1	2	5	4	5	5	2	3	1	3	5	6	5	3	4	3	6	2	1	3	6	3	7	3	1	3	4	2	6	4	9	2	9	8	7	4	6	7	4	4	5	4	6	3	5	4	4	7	2	4	4	5	6	4	3	6	3	4	3	4	6	2	3	4	3	1	4	5	7	4	2	7	10	7	4
Kineosporia	0	0	1	2	1	1	2	1	0	0	1	1	1	0	0	2	0	1	0	1	1	1	2	1	0	1	1	2	0	1	2	0	0	2	0	0	2	0	2	1	2	3	1	1	1	1	0	1	0	2	1	3	0	0	1	0	1	1	1	0	1	1	1	1	0	1	5	0	0	1	0	2	0	1	1	0	1	0	0	2	0	0	0	3	2	1	1	1	1	2	2	0	3	0	0	2	0	0	0	1
Klebsiella	14	31	18	21	20	17	17	22	13	14	16	18	8	18	16	16	16	16	11	13	18	19	16	13	14	23	14	14	16	20	24	22	14	6	18	21	23	14	27	15	19	9	18	10	22	20	14	15	23	22	17	21	11	16	15	12	14	23	15	23	19	16	20	15	19	23	19	15	17	25	23	17	10	16	13	18	15	19	19	21	23	21	23	19	22	6	16	12	24	21	18	23	22	20	19	29	17	18	33	24
Kluyvera	22	25	22	21	22	22	24	25	33	25	24	29	29	31	29	30	27	17	29	27	31	34	18	21	30	21	31	30	25	27	25	32	15	25	33	32	25	27	26	30	32	31	20	31	27	24	26	26	24	24	27	24	19	34	23	28	25	27	35	26	25	29	28	28	24	26	26	27	26	32	33	31	25	29	23	30	37	20	28	45	28	32	28	31	25	33	31	25	22	20	28	30	41	19	26	27	34	31	23	37
Kouleothrix	13	14	8	9	11	18	9	14	11	14	15	9	15	10	10	13	15	16	11	18	9	11	10	4	14	10	7	12	16	9	9	12	11	16	21	12	18	9	10	18	6	15	5	11	14	18	13	11	13	11	14	12	12	9	11	14	10	11	12	17	14	10	14	14	20	10	9	13	13	18	12	11	16	11	12	11	8	16	16	17	19	11	22	15	9	9	13	12	10	12	16	16	11	10	12	12	14	17	13	10
Labrys	1	6	2	9	3	2	9	5	1	2	5	1	6	3	4	2	6	6	4	4	6	11	2	2	6	1	7	3	3	0	2	6	8	6	1	2	5	4	3	4	5	2	1	8	4	5	4	5	5	1	8	1	6	2	3	5	5	4	4	6	2	2	2	5	8	5	3	3	4	5	7	4	2	6	6	2	2	0	3	2	8	3	4	4	5	3	2	2	4	3	3	5	3	4	7	3	9	9	3	4
Lachnoclostridium	9	6	4	6	3	8	4	6	6	11	7	8	6	6	8	5	4	6	1	5	6	9	8	5	5	9	5	11	9	10	10	7	2	11	9	7	11	9	9	11	8	5	7	6	8	8	4	4	8	9	7	4	7	8	8	10	11	9	9	6	2	6	7	7	9	13	8	10	11	9	6	11	13	4	6	7	8	6	6	6	12	7	7	5	9	6	6	17	6	10	9	5	4	7	8	7	9	4	9	8
Lachnospira	4	5	2	4	7	14	6	6	7	9	5	3	6	7	7	5	4	11	9	11	5	5	5	10	2	8	3	5	6	7	8	6	8	5	5	8	3	2	5	7	8	6	3	7	3	3	6	4	3	12	10	7	11	2	7	8	9	5	9	9	5	6	1	7	5	5	5	9	8	9	8	4	3	7	5	8	7	7	5	6	3	4	7	2	4	3	5	3	4	4	4	5	7	10	6	3	4	6	13	5
Lachnospiraceae FCS020 group	0	1	3	1	2	1	2	2	0	2	1	0	2	2	2	1	1	1	0	1	0	2	3	0	3	5	1	2	1	2	0	0	0	0	1	1	2	2	2	1	2	3	1	3	1	1	0	2	1	1	0	1	2	1	0	4	2	4	0	1	3	2	3	4	1	0	0	1	2	2	3	1	1	0	0	4	2	1	2	1	2	1	2	1	1	3	1	2	3	1	1	2	2	0	2	2	0	2	2	2
Lachnospiraceae ND3007 group	5	7	4	0	5	4	4	3	5	1	5	4	4	1	2	3	0	1	3	3	3	1	3	3	3	3	6	7	5	4	4	5	6	6	3	4	3	1	4	7	5	5	6	2	3	1	1	4	3	4	1	6	3	3	6	5	3	7	6	6	4	5	4	2	3	7	2	2	2	2	1	6	4	3	4	5	6	2	3	4	1	2	1	6	3	1	5	2	3	5	7	4	5	3	1	2	5	3	4	3
Lachnospiraceae NK3A20 group	0	3	1	2	2	3	0	2	1	0	0	1	0	1	2	2	2	2	2	2	1	0	0	0	4	2	1	0	2	1	1	1	2	1	0	1	1	3	0	1	3	0	1	1	0	1	0	0	1	0	0	1	2	4	2	2	1	2	0	0	0	1	1	0	3	1	3	1	2	0	0	0	2	1	0	0	3	1	2	0	2	1	0	0	2	1	3	2	1	2	2	1	0	1	0	1	2	0	2	0
Lachnospiraceae NK4A136 group	9	5	3	14	9	7	9	12	10	2	8	12	7	6	7	5	11	11	9	9	10	11	6	17	11	9	7	11	5	11	3	7	6	9	7	12	9	7	6	11	12	8	12	10	12	12	7	14	11	8	3	6	16	9	11	6	10	6	14	10	11	9	5	7	7	8	4	12	1	6	7	20	7	6	9	15	8	10	8	9	4	12	11	7	7	6	7	12	7	12	7	9	7	12	12	6	11	6	11	7
Lachnospiraceae UCG-004	1	3	1	1	2	1	1	0	0	0	3	1	2	0	2	0	0	1	0	1	1	0	2	1	3	2	1	1	2	2	2	1	2	2	3	0	4	2	2	0	2	4	3	2	1	1	3	3	7	2	0	5	2	0	2	1	2	2	2	1	0	1	3	0	1	1	1	2	2	1	0	3	2	1	1	3	2	4	3	3	3	1	0	1	4	1	4	2	0	1	4	2	2	0	1	1	0	2	2	2
Lacihabitans	41	40	34	32	29	37	44	31	31	37	27	38	33	31	30	32	42	28	35	34	36	28	34	28	33	40	40	39	27	39	37	27	38	37	49	38	37	33	40	29	41	36	24	40	31	52	26	29	46	42	46	32	42	28	30	27	34	21	30	33	34	35	40	42	29	27	31	33	38	28	40	39	41	32	33	46	34	25	31	36	31	32	38	28	31	41	31	28	35	33	43	29	28	33	40	37	35	42	37	26
Lactobacillus	5	8	7	7	4	3	8	7	2	4	9	6	8	7	8	5	11	3	11	16	9	8	4	4	7	3	6	9	7	7	7	8	7	8	5	6	5	9	6	7	6	7	12	9	7	9	7	7	5	7	7	7	7	7	13	7	12	5	7	8	5	6	8	2	9	7	10	9	9	10	8	10	6	4	4	11	8	7	8	6	10	4	11	8	11	8	9	5	4	5	8	5	4	10	9	9	8	7	13	7
Lactococcus	5	9	6	1	8	8	2	8	6	7	7	9	8	8	12	6	7	5	5	4	1	10	12	4	10	5	7	3	5	7	4	2	4	5	6	4	5	6	6	3	5	7	7	11	10	5	11	5	5	9	6	5	8	6	5	7	5	6	7	9	4	7	7	6	4	4	2	14	5	5	4	11	8	6	9	7	3	14	4	3	5	6	7	5	8	5	6	6	7	9	5	6	9	5	9	5	7	7	7	6
Lacunisphaera	18	10	18	19	10	13	13	10	10	18	12	17	13	12	10	9	12	8	9	9	14	13	11	14	16	19	9	8	15	15	15	20	11	17	8	8	9	13	16	8	11	8	7	14	12	11	17	9	10	14	18	19	17	21	6	20	16	26	16	17	18	12	22	16	10	16	16	14	20	10	10	12	7	12	14	14	12	11	15	14	12	25	20	17	16	13	13	12	21	12	13	13	17	10	17	14	11	9	12	8
Laribacter	3	0	0	3	3	1	1	1	1	1	0	0	0	1	0	1	1	1	1	3	1	0	3	5	3	0	0	0	2	1	1	1	0	1	2	1	1	1	0	2	0	4	2	1	1	0	0	0	0	0	3	0	2	2	2	0	0	2	1	0	1	0	0	1	1	2	1	0	1	0	0	2	1	1	0	4	2	0	2	2	0	1	0	0	0	2	0	5	1	0	1	2	2	0	0	2	0	0	2	0
Lautropia	152	126	123	135	131	146	147	121	142	146	145	119	138	127	118	141	142	150	168	143	154	122	136	124	137	141	140	145	111	142	132	151	134	133	140	155	128	174	138	136	141	110	129	129	139	135	135	139	132	120	139	155	126	159	146	144	132	129	139	162	144	128	141	137	121	141	137	119	132	147	136	115	144	152	129	137	115	111	127	128	171	137	139	141	136	122	128	151	131	143	141	138	144	139	122	148	147	122	131	131
Legionella	56	57	56	63	52	44	49	65	52	54	53	51	59	62	60	65	45	65	64	62	47	56	58	57	54	70	83	64	56	58	62	56	64	70	63	60	58	54	53	61	75	52	64	63	61	50	66	69	57	56	53	43	52	63	59	54	70	52	67	50	48	51	50	60	59	51	68	63	57	62	45	48	60	70	53	64	71	58	75	62	69	56	56	57	50	60	62	69	65	68	56	57	57	67	68	62	69	62	64	53
Lelliottia	8	9	10	8	7	11	6	7	12	11	7	7	10	10	6	7	6	7	4	8	8	11	9	10	9	12	10	9	6	12	7	7	4	7	5	9	9	6	13	10	10	9	11	13	11	8	14	12	9	8	9	6	8	5	10	10	10	5	14	9	5	10	10	11	9	7	18	7	9	13	12	2	5	8	7	9	15	9	8	6	7	9	8	12	6	10	7	3	9	7	4	11	4	7	7	7	12	10	6	11
Lentisphaera	2	5	0	1	0	0	1	4	3	0	0	0	0	0	1	0	1	0	3	1	1	0	0	1	0	2	1	1	2	0	2	0	1	2	1	1	0	2	0	2	1	0	1	0	2	0	2	1	3	0	0	0	2	1	2	1	2	0	0	0	1	2	2	2	1	0	2	1	0	1	2	3	3	3	1	1	1	0	3	0	0	2	2	3	1	2	1	2	3	2	1	2	1	4	2	0	3	0	3	1
Leptospira	36	28	33	33	31	37	38	43	28	20	33	41	35	26	44	29	26	46	31	39	29	34	38	42	33	29	34	38	28	39	41	28	31	32	36	42	39	26	35	34	29	35	33	39	38	37	27	38	40	31	39	33	23	39	37	34	31	35	31	43	37	32	29	24	31	31	36	29	29	43	44	34	36	31	49	26	36	32	35	25	39	25	41	25	28	43	44	33	41	36	40	41	37	30	26	33	38	31	31	28
Leptothrix	218	213	224	221	226	242	218	200	217	227	228	258	209	241	223	213	203	230	251	215	210	232	198	228	200	216	206	192	247	214	215	206	221	210	239	205	210	229	211	236	207	222	248	199	238	248	233	207	235	190	209	207	227	179	224	220	227	244	225	217	199	213	203	204	226	221	233	203	236	213	193	213	221	211	216	205	193	216	217	246	187	198	220	244	237	205	230	255	211	205	226	213	247	229	202	219	226	228	223	194
Leucobacter	2	0	2	1	0	1	2	0	0	3	3	1	0	0	1	0	1	3	1	0	1	4	2	2	1	1	0	0	2	0	2	0	1	0	1	4	0	1	1	2	1	3	2	4	1	0	2	3	2	1	2	0	1	1	1	2	3	1	0	0	3	2	2	1	2	2	2	2	0	1	0	4	1	0	1	6	1	2	6	1	1	0	1	1	1	1	0	0	0	1	2	0	0	0	0	2	2	1	3	1
Limnobacter	14	15	16	17	11	20	10	17	13	13	11	6	10	11	15	16	7	16	12	9	14	14	11	14	14	9	12	19	9	14	11	11	12	12	13	11	13	10	23	7	8	12	14	19	7	15	15	11	14	15	10	13	8	8	15	12	14	14	11	11	10	14	14	7	6	10	10	13	18	16	19	10	14	16	12	14	12	11	16	12	18	11	13	9	13	19	6	9	14	17	8	16	13	15	15	10	12	14	5	15
Limnohabitans	5676	5757	5800	5698	5669	5671	5620	5692	5718	5617	5720	5631	5635	5669	5622	5673	5627	5634	5780	5672	5583	5590	5674	5639	5768	5672	5755	5638	5670	5600	5577	5634	5688	5690	5678	5663	5722	5646	5693	5742	5679	5681	5625	5694	5589	5586	5539	5561	5699	5653	5614	5641	5802	5669	5641	5605	5590	5636	5638	5561	5659	5687	5747	5791	5723	5631	5550	5639	5719	5590	5618	5721	5563	5717	5659	5672	5629	5661	5667	5697	5638	5653	5559	5670	5634	5620	5745	5661	5602	5607	5479	5697	5503	5617	5567	5696	5644	5617	5557	5745
Listeria	2	5	6	4	1	5	3	2	1	3	0	1	3	1	3	2	5	2	6	4	3	7	2	1	2	5	5	6	4	5	5	2	2	3	1	2	1	5	6	1	1	4	3	0	3	2	4	4	3	3	0	1	3	6	1	5	4	3	3	3	4	3	2	1	6	1	7	3	3	7	2	3	6	1	3	3	1	5	5	3	6	1	4	3	4	4	4	3	0	4	4	4	7	4	1	3	4	3	3	4
Luteolibacter	11	5	8	5	5	13	10	6	7	3	10	5	9	12	13	10	13	9	8	3	3	5	5	8	7	8	6	10	11	7	7	12	9	6	10	9	7	1	5	8	10	5	11	6	11	4	7	7	7	11	5	5	8	3	6	7	6	6	7	12	7	11	4	7	6	8	7	6	8	14	8	11	6	8	11	4	9	3	6	4	4	6	7	2	4	4	6	4	12	11	5	8	7	2	9	7	10	4	7	6
Lutispora	4	4	2	8	9	6	7	5	8	4	4	8	7	5	4	8	6	11	7	4	6	5	6	7	9	7	12	5	7	8	6	7	7	7	10	10	7	5	8	7	3	7	6	6	13	5	9	5	9	4	7	11	5	8	6	7	6	7	6	8	6	5	6	5	8	3	9	7	9	10	5	3	2	5	11	5	3	7	7	2	9	9	7	7	9	2	5	4	7	4	8	7	5	3	3	9	6	8	6	9
Lysobacter	83	89	74	101	101	81	104	86	81	86	88	80	94	83	101	107	103	82	83	76	99	69	95	91	83	96	86	95	98	85	93	93	94	70	94	77	82	88	89	94	95	92	78	84	88	85	78	79	96	91	75	91	85	83	80	71	89	82	101	79	71	81	78	84	72	70	92	101	92	85	83	80	85	91	85	88	99	87	99	87	95	78	89	76	83	95	87	97	86	96	98	65	79	91	82	82	86	80	98	98
MND1	10	11	12	16	16	10	9	9	12	12	14	12	9	10	10	14	13	9	11	14	6	7	16	16	11	8	12	11	13	12	8	9	12	9	15	14	16	15	18	17	9	9	17	14	15	15	14	14	14	15	15	17	14	9	8	13	18	11	13	14	17	8	16	6	17	9	7	20	20	13	8	21	13	11	14	11	12	7	17	13	17	9	11	12	15	10	17	9	13	11	14	10	11	12	11	13	14	12	9	6
MWH-Ta3	3	6	4	3	9	3	1	9	7	4	4	3	3	3	4	6	5	4	2	5	2	5	11	3	2	2	6	6	2	2	4	3	2	5	6	4	6	1	4	4	6	3	5	5	3	6	4	2	7	1	4	6	2	8	3	4	3	3	3	3	4	7	5	5	4	5	3	3	1	5	4	6	1	0	4	4	6	4	6	3	5	3	6	5	6	5	7	4	2	12	4	6	4	10	1	6	3	4	2	5
Malikia	67	77	78	66	80	58	70	73	54	72	59	71	83	73	64	71	69	65	76	61	70	60	78	66	71	62	69	63	74	59	67	54	68	70	71	68	49	73	56	67	69	77	59	67	69	69	64	69	50	74	59	69	58	62	63	61	72	78	72	82	94	77	71	65	57	68	63	72	80	76	74	55	69	70	51	73	70	67	66	52	74	65	86	68	65	74	57	60	71	56	68	46	72	59	63	71	50	69	80	72
Marmoricola	8	5	5	10	8	12	4	4	10	11	5	7	8	10	4	10	13	8	6	3	10	6	8	14	5	4	6	11	7	9	12	9	9	7	11	11	5	7	7	7	10	11	13	14	11	9	5	7	7	7	9	11	13	5	11	10	13	7	11	10	8	5	6	9	9	10	6	5	9	2	10	4	6	8	12	11	6	4	11	6	10	6	9	10	13	6	16	7	6	11	6	19	8	8	9	10	9	9	12	8
Massilia	202	208	189	220	194	228	200	203	202	234	188	206	201	211	230	211	235	209	206	206	210	232	200	215	217	202	198	185	219	193	214	224	216	215	212	193	205	211	243	182	217	195	200	191	183	217	225	204	204	199	210	207	217	226	209	215	203	209	201	232	204	219	185	212	208	223	203	211	212	222	221	212	219	225	217	206	208	184	208	202	217	244	192	221	218	214	219	219	181	196	207	205	207	195	212	203	214	202	194	203
Megamonas	3	5	4	2	5	4	3	0	2	4	7	7	4	8	5	5	7	2	5	2	3	3	2	4	3	2	4	3	4	5	5	5	3	2	4	4	6	1	3	4	8	4	8	2	3	4	8	6	7	6	1	3	5	8	6	2	4	6	5	4	3	5	5	2	3	2	6	6	2	4	1	5	5	3	4	1	4	2	2	3	7	3	4	7	4	8	5	5	5	2	3	5	0	0	2	2	5	3	2	1
Megasphaera	0	2	0	3	1	2	1	0	0	3	2	2	1	1	2	0	3	1	4	3	0	0	2	0	1	0	0	1	2	1	0	1	4	1	2	1	2	1	0	1	3	2	2	1	3	1	1	3	1	1	0	5	1	2	3	2	1	0	3	0	2	4	1	0	3	3	5	1	2	3	3	2	3	0	3	0	3	1	1	1	2	1	3	3	6	4	1	1	2	0	1	4	4	1	3	3	1	2	1	1
Mesorhizobium	16	27	17	18	18	18	26	23	21	10	18	23	24	30	14	15	16	21	24	22	22	25	23	23	21	18	27	21	18	20	18	21	26	16	31	24	16	21	19	16	18	24	19	27	27	25	34	25	23	19	20	30	26	20	20	26	23	13	23	20	19	16	22	23	29	20	19	30	26	23	22	20	22	26	22	26	19	21	12	26	18	23	18	25	22	22	16	22	22	14	20	27	19	25	20	21	12	24	29	19
Methylibium	2	0	2	0	3	2	3	0	2	1	0	1	3	1	1	0	3	4	1	1	3	5	2	0	2	5	1	3	1	3	2	2	2	1	3	2	2	2	1	2	3	3	3	1	1	3	2	0	1	3	2	1	1	2	4	1	1	3	2	0	2	4	1	1	2	0	6	3	3	2	2	1	2	5	0	3	2	4	6	2	3	3	2	1	1	1	2	3	4	2	3	3	3	3	1	4	2	1	3	1
Methylobacterium	1	2	2	3	3	2	3	4	1	1	3	4	4	0	3	3	2	4	5	3	1	5	2	2	2	2	3	4	3	5	1	4	1	0	2	2	3	3	1	2	2	0	0	2	3	6	2	4	3	0	1	1	3	1	7	1	0	5	3	0	3	2	0	2	2	2	1	2	3	0	1	1	2	0	2	5	6	4	2	3	0	3	2	1	3	3	1	6	2	4	2	0	2	3	2	2	0	1	1	3
Methylocystis	6	4	3	2	3	4	4	3	4	3	3	3	5	2	5	3	4	2	6	0	4	3	2	5	4	5	7	3	2	3	2	3	4	3	2	2	3	7	4	4	3	3	4	1	1	2	3	0	9	3	1	1	2	1	3	6	4	1	1	3	2	4	4	6	3	3	5	3	3	6	2	3	4	1	6	3	4	3	6	2	2	4	4	1	8	3	2	2	4	7	3	3	1	0	6	7	3	2	4	5
Methylophilus	3	3	6	4	4	7	9	4	3	5	4	3	10	6	8	4	7	11	4	4	5	3	3	4	3	10	8	8	6	6	5	12	9	2	5	6	4	5	8	4	3	6	10	3	7	7	7	3	1	8	7	9	7	6	5	3	7	5	4	5	10	8	8	4	6	4	8	9	7	4	5	5	9	3	2	7	6	6	5	4	7	3	6	5	5	6	3	6	7	4	6	3	5	4	5	5	5	8	8	4
Methylorosula	46	45	45	42	42	54	41	42	51	56	44	32	41	35	36	49	42	46	39	55	46	44	41	40	41	35	43	36	40	52	44	39	43	36	52	28	39	49	37	37	38	49	41	48	34	44	51	32	28	43	48	45	37	45	44	45	50	41	37	48	50	43	35	37	38	45	32	44	34	37	39	37	35	48	41	42	44	45	41	33	45	34	46	39	48	61	45	37	31	33	45	45	31	55	35	42	54	44	48	40
Methylotenera	168	169	154	186	178	154	158	159	157	179	156	162	158	171	165	153	162	170	156	170	172	162	150	170	134	156	156	169	150	169	156	165	173	156	160	164	147	153	159	158	171	134	149	169	183	150	166	162	160	158	173	158	157	147	139	176	158	158	158	179	153	177	155	157	172	170	133	167	162	147	170	169	170	153	165	140	169	161	184	159	155	157	162	162	174	161	182	153	150	181	178	171	165	153	193	170	155	155	174	158
Methyloversatilis	7	3	2	3	1	4	1	3	0	6	1	2	8	5	7	4	6	1	3	6	5	4	3	4	2	3	4	3	4	8	3	2	3	1	3	3	5	4	6	3	4	3	2	4	2	2	0	2	7	5	4	5	5	2	7	4	2	2	1	7	2	3	2	3	3	1	5	3	1	2	2	1	2	3	4	7	5	1	2	2	3	4	2	4	2	1	5	7	2	1	4	3	2	4	5	2	4	2	2	2
Microbacterium	2	2	1	3	3	3	1	2	2	4	3	6	3	2	6	3	4	3	0	3	1	4	6	2	4	1	1	3	1	4	2	8	4	2	2	4	1	2	3	1	0	3	2	2	3	3	4	6	4	3	5	2	4	2	1	5	4	3	5	3	2	4	2	2	0	3	2	8	7	2	6	2	3	5	2	1	2	2	2	4	1	2	1	3	5	2	4	0	3	2	2	4	4	6	1	3	4	4	2	0
Micropruina	52	38	56	51	42	49	37	45	48	52	57	51	50	46	46	40	42	44	48	55	41	45	37	47	51	29	44	40	57	38	59	58	52	32	47	49	63	62	40	46	46	49	53	41	60	49	44	35	50	58	39	49	41	37	46	37	57	37	53	51	46	36	38	39	47	46	43	54	35	45	50	55	53	45	30	50	55	59	50	54	51	51	47	64	43	49	48	41	51	47	47	53	48	40	48	52	46	46	44	45
Mitsuaria	0	0	0	3	1	0	3	3	1	0	0	2	2	4	1	1	2	1	1	3	2	1	1	1	1	1	2	0	4	0	1	1	0	3	1	2	2	0	1	0	2	1	0	1	0	0	0	0	1	2	3	2	2	2	2	2	1	1	0	1	3	1	2	2	2	1	1	0	1	0	2	0	1	0	2	2	1	3	1	3	1	0	1	3	0	0	2	2	2	0	0	1	2	1	0	0	1	0	1	0
Mucilaginibacter	3	1	7	2	8	12	8	4	3	9	7	3	8	7	5	4	3	6	9	6	5	12	2	13	5	9	8	10	4	7	5	5	5	6	5	1	10	9	9	8	4	7	3	7	4	7	6	6	5	11	2	7	8	6	8	2	5	5	6	3	7	6	3	4	6	6	4	9	9	8	4	10	6	6	6	4	6	5	5	9	8	4	9	6	7	5	9	4	5	4	5	13	4	7	5	2	4	8	8	3
Nannocystis	85	82	70	69	71	79	84	66	69	60	78	68	68	85	71	63	52	62	67	50	66	68	76	66	70	75	81	66	68	59	72	68	82	71	67	73	59	78	66	85	78	73	78	77	67	55	68	67	61	65	70	68	71	62	72	61	78	70	83	61	58	68	81	61	74	75	49	53	75	68	49	79	65	70	69	67	66	73	50	74	61	50	85	66	66	69	75	80	67	60	76	79	90	86	69	75	59	79	58	69
Nitratireductor	6	7	4	8	12	7	6	3	7	2	2	4	7	8	6	5	9	4	4	7	7	6	6	2	2	8	7	5	7	6	9	8	6	8	5	9	10	7	5	12	7	3	8	8	11	8	7	10	6	5	6	6	6	6	5	11	4	6	4	8	5	2	4	6	5	5	6	7	11	8	4	4	7	9	7	7	6	5	13	7	6	8	6	7	8	9	5	5	3	5	6	10	5	5	7	7	6	4	5	9
Nitrobacter	4	3	1	1	3	3	5	2	3	1	0	0	3	0	0	1	2	1	2	1	1	1	4	4	0	2	1	0	6	0	1	1	1	0	4	3	4	1	1	2	1	4	2	1	1	3	1	1	1	2	4	2	2	3	3	0	0	2	3	0	3	0	1	0	1	0	4	4	3	1	3	1	0	1	3	2	3	0	2	2	1	1	0	3	2	0	1	2	0	2	2	3	1	1	2	2	3	3	3	2
Nitrosomonas	54	71	50	74	71	78	84	78	94	72	72	82	74	80	80	65	64	63	66	78	84	78	67	72	77	78	86	81	76	59	84	76	74	69	76	83	79	74	57	74	80	70	67	80	62	82	72	74	84	78	86	75	60	77	73	72	67	75	89	72	67	85	76	71	73	78	75	76	79	71	74	79	84	79	60	88	79	66	65	84	65	75	83	78	57	63	66	60	61	101	79	85	71	82	76	79	55	91	72	66
Nitrospira	701	676	662	612	706	668	699	693	685	731	685	741	673	711	709	666	709	643	708	690	666	698	649	675	666	715	707	690	681	689	679	696	733	664	663	718	654	678	693	704	735	680	652	687	703	673	671	664	717	653	637	682	716	653	644	702	685	684	699	670	717	656	662	656	648	685	705	698	672	733	671	733	691	680	679	646	680	701	676	717	708	732	688	705	746	642	648	684	662	678	707	744	661	692	715	630	720	692	654	669
Nocardioides	10	9	5	5	3	7	1	4	6	5	6	5	1	5	6	2	10	5	5	5	3	4	2	6	10	8	3	5	3	3	11	7	6	9	5	5	4	8	7	8	4	3	6	6	4	5	3	7	5	5	10	4	11	8	6	6	7	6	9	5	2	5	6	3	3	5	5	4	5	3	7	2	8	7	6	8	3	7	6	12	2	2	6	5	5	4	2	5	7	5	5	6	5	6	4	5	3	4	5	3
Nordella	4	7	5	7	11	6	5	10	3	7	11	5	6	9	6	6	6	5	5	4	9	8	6	3	8	8	18	5	5	7	5	3	4	2	12	11	9	7	5	8	12	5	2	7	8	11	6	7	8	8	5	8	3	9	4	9	5	3	7	8	8	7	6	3	5	6	4	15	5	11	8	6	11	4	13	10	7	13	6	5	6	7	7	4	3	10	9	11	6	4	8	6	6	8	4	5	4	11	8	7
Noviherbaspirillum	18	17	11	15	19	14	14	23	18	19	19	19	18	20	22	25	19	10	17	19	13	15	18	21	11	22	14	22	18	20	14	23	18	20	20	18	22	26	18	25	14	23	29	21	18	11	16	19	20	18	14	20	16	14	23	15	20	21	19	19	15	26	17	16	13	19	16	18	17	15	16	20	14	24	22	16	26	17	17	23	16	27	23	16	20	15	17	22	14	19	12	18	14	15	27	18	20	19	20	28
Novosphingobium	165	164	149	172	170	167	148	161	132	148	164	157	161	169	145	165	182	160	171	152	157	179	153	148	167	145	168	142	181	150	128	160	138	172	143	162	168	146	152	144	150	164	151	180	162	164	156	184	178	161	130	176	159	159	167	172	135	162	137	165	160	165	160	163	135	184	179	163	182	151	150	140	133	165	177	184	180	140	156	156	157	149	164	149	165	163	163	157	145	158	146	156	155	154	145	169	159	174	165	172
OLB12	21	19	22	20	17	25	28	19	25	29	21	20	21	14	27	27	15	18	24	18	24	23	17	30	28	23	26	21	32	20	23	27	24	18	20	24	28	20	26	27	22	34	25	20	21	21	24	24	25	27	21	30	25	21	19	19	18	16	25	19	19	25	23	23	19	23	19	20	16	25	24	17	20	28	22	21	34	16	22	26	22	28	31	24	18	25	26	21	20	20	19	25	11	28	23	21	25	26	25	32
OLB8	17	16	18	13	19	22	16	16	10	13	16	13	11	10	8	16	10	16	17	13	19	17	19	13	11	19	8	12	8	19	12	17	15	20	12	10	25	18	11	18	14	14	19	17	21	15	13	10	10	15	12	24	15	14	9	18	10	9	19	17	16	11	20	16	9	14	21	16	15	15	13	16	23	19	11	16	16	17	15	14	11	13	18	14	10	12	15	15	24	18	12	12	24	22	18	16	11	10	13	13
OM27 clade	11	18	12	11	8	20	14	16	14	11	14	18	13	12	13	18	13	13	17	8	8	15	16	9	6	12	15	23	13	13	17	16	12	18	11	12	16	18	11	17	21	12	11	16	12	9	15	18	9	14	16	11	12	11	19	10	15	12	19	19	17	15	17	10	15	20	17	16	13	8	21	10	21	6	22	22	9	17	14	16	9	8	12	8	19	12	12	12	15	18	15	16	15	16	19	14	9	10	15	13
OM60(NOR5) clade	7	5	10	9	2	5	5	6	4	2	3	8	6	12	10	7	2	5	8	8	3	6	5	3	4	4	6	5	6	6	4	6	7	9	8	9	3	10	4	8	5	3	4	3	8	3	3	6	4	6	6	7	4	8	0	3	4	7	9	6	7	6	5	3	2	6	6	3	5	5	14	5	6	5	6	4	4	4	7	5	2	7	4	7	7	6	6	0	3	2	3	6	13	5	7	8	4	8	5	8
Oligoflexus	3	5	1	0	3	3	3	3	4	3	6	1	0	4	1	3	2	1	1	3	2	3	3	0	6	2	1	2	3	2	5	2	4	3	5	4	1	4	1	2	2	0	4	4	0	3	5	1	2	1	1	2	0	5	3	5	3	4	3	2	4	2	2	3	5	2	2	1	3	1	1	6	3	3	1	0	2	3	0	1	4	1	1	3	6	0	3	3	1	2	3	3	1	3	5	2	5	0	4	1
Opitutus	1	3	7	2	1	4	4	4	5	3	4	3	1	2	7	4	8	1	3	1	4	2	6	3	4	1	2	8	6	1	3	5	4	6	2	4	7	3	1	5	4	2	4	2	6	5	4	1	1	3	4	5	2	3	0	3	3	3	2	4	3	2	3	3	3	5	4	1	4	3	1	4	6	4	2	4	3	8	6	1	4	7	3	3	2	4	4	2	2	6	2	5	4	0	5	3	2	3	6	6
Ornithinibacter	12	13	21	17	23	27	18	23	18	18	21	24	23	12	28	16	26	18	22	21	18	16	24	19	23	13	18	17	20	20	20	22	17	17	17	22	19	24	22	21	17	18	24	20	14	13	23	23	23	19	25	20	23	20	22	25	14	18	22	21	23	18	16	33	22	14	25	16	16	24	21	17	29	21	25	18	26	18	22	23	18	21	15	16	12	19	18	13	20	21	18	20	19	21	23	13	29	22	18	18
Ottowia	5	4	7	2	2	5	4	3	3	4	5	3	4	5	1	3	3	9	3	2	7	1	2	2	5	5	3	2	4	3	4	3	5	3	7	5	4	0	4	1	2	6	1	8	4	1	6	1	3	2	5	3	1	6	1	6	4	3	4	3	1	2	7	1	8	3	1	4	1	2	7	5	2	3	1	1	6	3	2	2	3	6	7	2	3	2	2	2	2	5	8	2	1	6	3	3	2	1	5	4
Oxalicibacterium	3	5	1	3	2	3	5	2	2	2	2	1	2	2	0	4	2	5	2	2	1	1	2	0	2	2	2	2	1	4	4	1	1	7	2	3	1	5	1	3	1	3	3	0	3	3	3	1	3	4	6	3	2	0	3	2	3	2	1	1	1	1	2	2	3	5	1	2	2	1	1	5	1	1	2	3	1	4	2	1	3	0	4	3	2	1	1	3	0	2	3	3	0	4	4	4	2	2	1	4
Oxalobacter	3	0	2	1	4	6	1	1	0	2	3	2	0	1	0	1	0	1	1	1	0	1	1	3	0	2	1	0	1	1	1	2	3	1	0	0	1	0	1	0	1	2	1	0	1	2	1	2	3	1	1	2	4	1	2	2	1	2	0	3	0	0	1	1	0	3	2	1	1	1	0	1	2	1	3	1	2	1	3	3	1	2	0	1	3	4	1	3	0	3	2	1	3	0	1	4	0	3	4	2
Paenibacillus	4	1	5	2	2	5	3	6	8	5	2	5	4	3	3	3	5	2	5	5	3	2	4	4	4	4	5	6	9	3	5	1	3	5	2	5	6	4	4	5	3	7	5	2	0	2	3	3	4	2	4	4	4	0	4	6	6	3	3	5	4	2	3	3	4	6	1	4	5	5	4	2	4	4	4	5	4	3	5	3	3	5	4	4	3	6	3	1	2	2	6	4	5	1	5	2	6	7	3	5
Paenisporosarcina	0	0	4	1	2	0	0	1	2	1	0	0	2	2	1	0	1	0	0	1	1	0	3	1	1	2	1	0	0	0	0	0	2	0	3	2	1	0	2	0	2	1	2	2	0	1	2	2	1	1	1	2	1	0	1	1	1	0	1	0	0	0	1	1	1	3	1	0	0	1	2	1	1	3	0	0	0	1	1	0	2	2	0	1	0	2	1	2	0	0	1	3	2	0	0	4	2	1	0	1
Pajaroellobacter	27	20	32	20	21	19	18	18	23	24	18	21	25	26	26	26	26	22	17	20	24	28	25	28	19	18	20	30	19	22	25	28	20	24	32	26	24	26	27	24	27	27	18	24	15	23	24	24	20	24	22	26	23	21	20	24	23	20	27	30	18	28	23	16	28	22	22	25	24	37	29	23	19	27	31	22	27	21	21	21	25	22	27	15	27	20	20	27	19	18	21	21	29	25	18	26	29	17	29	23
Paludibacter	1	1	0	0	1	1	1	3	2	1	4	1	2	1	2	2	0	4	1	2	2	2	0	1	1	2	2	0	3	3	0	1	0	1	3	0	0	0	2	0	1	2	2	1	1	3	1	0	2	1	2	3	0	2	1	2	3	2	2	1	1	3	1	2	3	1	1	3	1	0	1	2	0	2	1	3	4	1	2	2	3	3	1	1	0	2	0	0	0	0	4	2	1	3	0	3	2	1	0	4
Paludibaculum	5	11	7	11	9	10	6	8	7	9	18	7	4	7	7	8	6	6	5	6	10	6	9	8	5	7	9	7	5	7	13	6	7	8	6	7	7	8	6	4	6	4	3	5	8	9	8	4	8	7	11	3	2	7	7	6	12	5	8	7	9	13	9	8	9	9	7	8	7	4	4	11	8	12	3	6	7	6	8	6	5	9	8	3	4	8	4	6	11	6	6	8	9	6	6	9	6	7	5	3
Pantoea	0	0	2	1	2	2	0	3	2	0	2	2	4	1	0	2	2	2	3	3	2	0	0	2	1	3	3	1	3	0	3	0	1	5	1	4	1	3	2	0	1	0	2	0	0	3	1	1	1	1	5	3	3	2	3	2	2	2	1	0	2	0	1	4	1	2	2	2	1	0	6	0	1	0	0	3	2	1	0	0	0	1	1	3	2	1	2	1	1	2	3	3	1	0	2	0	5	0	1	0
Parabacteroides	2	3	1	1	1	3	3	1	0	2	4	1	1	1	3	1	1	2	0	1	2	1	4	4	0	3	3	2	1	2	1	2	1	0	0	0	4	1	1	4	1	1	1	1	1	0	0	3	2	2	1	0	2	1	3	1	2	0	2	0	0	3	2	1	2	1	3	1	1	1	1	3	3	0	1	0	2	3	1	4	0	0	2	2	1	2	4	3	1	0	1	1	0	3	0	3	1	1	0	3
Paracoccus	29	27	32	19	25	34	38	32	24	24	32	37	28	33	37	32	36	26	33	26	28	26	30	29	30	26	34	25	25	23	42	22	24	45	29	25	32	35	23	35	25	27	24	23	29	27	31	30	40	27	18	29	28	35	36	35	28	29	25	30	23	32	29	36	29	31	34	31	34	26	37	31	29	26	31	29	37	28	33	23	32	19	22	28	20	31	35	32	35	35	30	29	36	31	33	31	29	27	28	29
Paucibacter	12	17	16	15	16	17	19	9	15	12	19	14	13	13	19	24	14	12	15	16	12	23	16	15	16	12	13	18	9	18	18	19	17	10	20	10	19	14	18	8	16	13	24	20	18	12	18	15	13	15	19	17	11	15	10	16	16	9	18	13	15	17	22	9	18	10	10	18	14	20	18	11	14	11	18	18	17	23	19	10	15	14	12	20	10	10	12	17	23	11	14	11	15	14	14	12	15	11	15	20
Pectobacterium	1	1	1	2	1	0	1	0	1	5	0	0	0	2	1	3	1	6	2	4	0	2	2	1	3	0	0	1	3	1	2	1	1	0	1	3	0	1	0	0	1	2	1	3	0	1	3	1	4	3	0	2	1	3	1	1	1	2	1	1	1	2	2	2	1	1	4	2	2	0	0	0	0	2	2	3	2	1	0	0	2	4	1	0	2	0	0	0	0	2	2	1	1	1	1	1	1	3	1	0
Pedobacter	23	20	33	20	26	22	18	24	16	29	22	34	20	18	36	33	21	27	31	25	17	22	25	25	24	19	31	21	29	20	25	21	27	23	19	28	18	24	21	14	23	21	23	16	25	28	22	22	21	23	23	27	24	24	21	30	32	22	25	15	31	24	29	30	16	23	34	26	19	32	28	24	15	20	28	20	22	30	25	22	28	33	25	28	26	28	22	23	24	25	29	20	25	25	21	24	29	20	28	21
Pedomicrobium	25	30	23	26	31	27	33	24	28	33	25	28	27	42	32	29	34	24	25	21	21	34	32	39	32	35	32	28	32	24	20	21	18	27	26	36	32	28	20	32	28	24	37	28	32	31	18	24	20	29	27	37	30	30	37	27	26	27	33	22	27	28	26	38	30	29	32	24	24	32	33	31	33	28	25	33	26	23	25	40	29	28	30	26	22	35	26	26	30	35	35	29	29	31	27	24	31	32	24	25
Pelomonas	10	8	4	9	3	6	8	9	14	5	7	4	6	6	9	2	7	9	7	9	7	11	7	8	6	11	7	6	9	5	4	7	5	6	8	4	10	14	7	7	9	10	10	9	5	4	6	7	5	11	5	4	3	9	4	5	6	8	8	8	7	6	8	7	7	7	5	9	5	10	8	12	8	9	11	7	9	8	3	9	6	7	8	6	8	11	10	10	7	13	8	6	5	6	8	8	4	10	7	11
Pelosinus	2	1	2	4	3	5	4	1	4	2	4	0	4	2	4	2	0	2	2	2	3	1	7	2	2	2	1	1	3	3	3	0	1	3	3	1	2	2	1	2	3	2	4	0	2	2	4	3	1	2	5	3	3	2	2	5	2	1	2	3	5	2	2	2	2	3	1	2	1	2	1	0	1	1	1	2	1	4	0	2	4	1	5	3	2	1	4	4	4	4	0	1	5	0	3	5	0	2	2	2
Peptococcus	0	0	2	2	0	0	2	1	0	1	0	1	2	1	5	1	0	1	0	1	5	0	1	1	0	1	3	2	0	2	0	1	0	0	1	1	1	3	4	1	1	1	0	1	2	1	1	2	0	3	0	2	2	3	1	2	1	3	1	0	1	0	3	0	1	0	2	2	0	2	2	0	4	4	3	0	0	0	1	3	1	0	1	2	4	0	2	0	0	1	0	1	1	0	0	0	0	0	1	1
Peredibacter	4	7	3	3	9	1	2	2	5	7	4	4	4	1	7	5	4	6	0	2	2	4	3	3	6	3	2	4	2	3	8	12	8	2	3	10	4	4	6	1	4	8	5	4	2	2	6	3	3	4	2	4	4	3	4	5	5	7	4	8	4	3	3	6	2	3	1	5	8	5	6	4	5	3	3	8	2	4	3	5	3	7	4	6	4	2	4	6	2	3	0	4	3	3	2	4	2	4	4	1
Perlucidibaca	0	3	3	2	1	0	3	0	0	1	2	1	2	1	3	2	1	1	3	2	2	3	3	0	7	5	0	3	1	4	0	2	4	3	0	6	3	5	2	1	3	1	1	1	3	3	0	2	2	2	1	3	4	2	2	2	1	2	2	3	2	2	1	1	0	0	1	3	2	2	1	1	1	1	3	3	1	4	2	1	3	2	1	3	1	1	0	2	0	2	1	0	1	2	1	4	4	1	3	3
Phaeodactylibacter	0	2	4	1	1	1	2	0	2	2	2	2	1	0	2	3	3	1	2	1	2	2	1	0	1	1	3	1	2	1	1	0	1	0	0	2	1	2	0	2	2	0	4	3	0	2	0	2	2	4	0	1	2	2	3	2	2	3	1	0	1	0	3	2	1	2	1	0	2	1	2	2	1	0	4	0	0	4	1	3	1	4	0	2	2	1	1	0	1	2	2	1	2	2	1	2	3	1	1	2
Phascolarctobacterium	6	6	3	7	9	5	7	3	7	6	8	6	7	7	4	4	7	8	4	4	3	6	6	3	3	3	5	5	8	4	4	5	1	4	7	3	11	3	9	6	8	6	2	6	8	10	5	8	5	7	5	10	5	2	8	7	7	4	6	2	8	7	5	8	12	9	11	6	5	10	9	5	5	4	7	6	5	8	6	6	4	5	4	8	5	6	6	6	2	5	6	5	7	3	5	7	7	7	2	1
Phaselicystis	35	47	27	23	49	24	36	31	38	29	21	24	32	33	22	35	20	31	39	26	30	28	25	37	31	25	36	29	34	30	25	28	22	24	38	31	37	30	33	35	24	33	33	41	41	33	24	26	34	31	27	35	25	34	34	25	34	34	27	31	34	42	33	22	31	37	31	41	33	24	33	30	22	33	29	41	22	33	21	22	22	25	39	32	35	32	36	27	37	36	31	25	37	27	27	32	23	26	23	30
Phenylobacterium	12	9	8	6	15	11	17	18	15	16	17	20	11	5	14	14	5	13	17	21	18	17	11	13	14	17	12	10	13	15	19	16	10	14	13	8	21	11	14	16	15	12	8	21	14	14	12	12	14	8	12	17	15	18	20	11	12	16	14	13	10	17	15	21	20	18	19	12	16	12	9	12	10	16	24	13	4	12	8	11	15	9	12	13	14	16	6	17	11	16	8	5	12	10	17	16	19	13	12	18
Phreatobacter	7	17	12	16	9	17	5	22	14	14	11	12	11	16	16	12	18	9	14	9	12	15	21	15	10	10	15	13	21	12	19	12	12	10	10	13	11	17	16	17	12	18	7	13	12	9	16	17	13	14	13	10	12	10	15	14	10	12	15	10	11	10	13	12	11	14	12	15	18	11	11	11	10	9	12	13	13	9	19	13	18	17	22	8	12	21	12	15	15	18	14	7	16	11	11	12	11	11	11	11
Pirellula	9	12	2	3	8	2	9	7	10	8	11	7	5	12	2	2	9	5	10	10	6	9	9	5	8	4	6	7	6	7	4	5	6	4	4	6	3	5	8	8	6	8	4	6	2	9	7	6	5	7	8	2	6	10	3	6	8	2	6	4	2	7	5	4	8	3	5	3	6	5	4	4	10	1	9	6	5	5	6	7	8	6	9	8	6	8	1	4	7	9	10	7	10	3	4	5	2	5	4	3
Piscinibacter	186	191	165	202	187	184	212	206	177	204	190	211	204	201	197	179	177	191	172	161	183	195	204	181	188	177	193	222	198	188	209	204	194	177	196	206	171	188	220	186	191	186	216	178	165	204	181	195	206	183	214	189	180	207	212	157	178	209	218	171	189	163	216	191	195	181	189	188	187	214	182	188	195	208	215	203	198	176	186	206	215	180	185	189	204	186	210	200	223	194	197	179	208	194	199	193	191	217	143	182
Planomicrobium	3	1	2	1	0	1	2	0	2	0	1	1	1	0	0	1	4	0	3	1	0	2	1	1	2	0	0	2	1	0	1	0	1	0	3	1	1	2	0	1	1	1	0	3	1	0	4	1	3	2	1	0	2	1	1	2	5	3	1	2	2	2	3	2	1	0	0	0	2	2	0	2	2	2	0	1	2	1	0	3	0	1	1	0	0	1	1	0	1	1	0	0	0	3	1	1	1	1	1	2
Plasticicumulans	0	1	2	2	1	2	0	1	0	0	3	0	1	1	0	3	0	1	1	1	0	0	0	1	3	0	0	2	0	0	2	1	1	2	2	0	1	2	1	0	0	0	0	1	1	0	0	1	2	1	3	2	0	0	2	2	0	0	0	3	0	0	0	4	1	1	0	2	1	2	2	2	1	0	3	1	4	0	1	1	1	2	2	1	1	1	1	3	1	4	2	1	0	1	3	1	0	1	3	2
Polaromonas	394	419	379	405	395	371	386	369	397	389	421	374	423	410	394	420	415	394	387	397	425	389	393	387	400	404	400	395	440	405	362	416	393	402	395	405	422	390	403	396	443	398	399	414	422	400	381	404	375	368	413	365	381	413	384	370	384	380	419	360	382	415	410	414	393	368	409	381	382	397	420	408	383	418	369	409	402	369	421	372	390	414	385	382	375	361	408	400	400	389	418	418	419	399	368	352	392	438	421	368
Polyangium	8	9	10	10	18	9	13	10	16	13	7	18	8	13	10	9	8	11	10	9	9	13	10	10	9	10	9	9	10	15	8	8	10	7	11	11	12	11	3	4	5	8	10	11	13	7	11	7	6	9	8	7	9	14	8	9	15	15	6	11	9	14	9	15	6	5	7	13	21	8	10	10	10	11	11	15	13	15	15	11	15	9	10	11	15	10	8	13	11	11	15	13	6	8	6	4	15	7	6	6
Polymorphobacter	11	10	8	8	10	9	14	9	9	6	11	7	8	10	8	8	8	11	11	7	14	8	8	9	8	6	17	12	9	11	11	8	12	4	10	6	9	12	13	9	10	12	23	6	9	9	8	13	6	4	9	8	9	5	12	16	6	8	6	9	11	11	12	8	8	8	10	7	13	11	9	11	6	10	9	8	9	7	6	7	11	11	15	12	14	11	9	7	15	8	6	11	6	6	9	6	7	9	7	10
Polynucleobacter	394	393	366	400	354	396	363	378	388	371	369	351	333	368	401	360	354	385	348	385	362	344	378	396	366	402	392	409	370	388	392	408	413	366	375	386	371	375	353	383	383	371	402	367	369	384	379	374	370	390	390	372	394	371	360	387	366	334	388	396	386	375	387	378	368	378	385	394	364	391	379	379	362	380	363	359	381	424	389	377	345	395	370	367	364	389	375	375	394	378	390	402	389	389	361	351	387	359	367	387
Porphyrobacter	0	1	3	3	1	3	3	1	2	2	1	1	3	3	4	0	0	2	1	1	0	1	0	1	0	1	1	3	1	2	1	3	0	2	2	5	2	2	0	1	2	3	4	2	0	3	4	3	1	0	0	4	3	3	2	1	1	0	5	1	1	3	3	2	1	3	2	5	0	3	1	1	2	3	1	3	2	1	5	0	1	6	2	1	1	1	3	4	1	2	4	1	3	2	1	1	2	1	2	1
Prevotella 1	1	2	3	2	3	2	3	2	4	3	4	4	2	6	1	4	3	1	1	2	4	3	2	3	6	4	5	1	3	2	1	1	2	2	1	1	3	3	3	1	5	3	5	2	2	1	1	2	0	1	3	1	2	5	2	2	2	2	2	4	4	2	2	4	3	2	1	1	7	1	2	2	1	1	2	2	0	4	3	2	2	5	5	2	2	3	4	3	4	0	2	4	2	4	0	0	4	1	1	2
Prevotella 9	7	4	7	8	10	9	9	16	10	9	12	7	7	6	10	7	10	8	9	5	11	8	9	13	13	16	3	9	7	9	8	9	11	13	9	4	8	11	10	11	6	8	10	5	11	8	9	10	11	5	7	6	9	11	9	5	8	8	6	10	9	10	9	15	4	11	4	13	6	8	11	10	9	7	9	9	11	7	4	8	11	5	9	6	9	14	11	3	9	3	11	9	11	9	7	10	13	5	9	10
Propionispira	2	4	1	1	1	1	2	1	3	1	0	2	2	4	0	1	3	2	2	1	2	1	3	0	1	7	2	1	4	2	0	0	1	3	2	2	2	3	2	1	1	1	1	1	0	2	2	3	4	0	1	3	1	1	0	1	2	1	2	3	3	2	1	0	3	0	1	3	4	5	2	2	3	2	0	2	2	0	5	6	3	2	1	1	1	1	0	2	2	1	0	0	3	2	3	3	7	2	1	1
Propionivibrio	5	6	4	1	2	3	4	6	4	5	5	4	5	1	2	4	7	5	3	7	4	4	3	2	1	2	2	4	5	5	5	5	3	4	2	1	7	5	1	4	3	4	6	5	2	6	2	3	4	10	1	7	9	3	3	3	4	3	2	5	2	4	8	7	4	3	3	1	3	2	2	5	5	8	4	2	3	1	3	2	1	0	3	4	1	4	4	4	7	4	2	4	3	2	3	8	3	2	3	2
Prosthecobacter	0	1	1	1	1	2	1	0	1	3	2	2	3	1	1	0	3	0	1	1	3	1	0	1	2	1	2	1	2	1	2	2	1	2	2	2	0	1	1	2	1	1	0	3	2	3	0	0	2	0	2	2	4	5	0	3	1	2	2	2	2	2	1	0	1	2	1	2	2	2	0	1	1	1	0	1	1	2	1	0	0	0	3	0	3	1	2	1	1	2	3	0	3	3	2	1	1	0	0	1
Prosthecomicrobium	6	3	1	3	2	3	5	4	9	2	4	5	0	6	5	3	2	3	7	6	3	10	2	9	6	6	4	3	6	6	6	5	7	3	3	2	4	7	3	5	9	4	5	3	6	3	3	6	4	4	5	4	4	7	3	3	4	6	4	3	5	3	6	7	3	5	4	6	4	5	4	7	4	3	4	4	3	8	8	4	6	4	5	5	3	4	4	6	6	11	6	7	3	7	5	4	3	0	2	1
Proteiniclasticum	23	28	22	29	21	19	39	26	36	23	23	23	20	28	29	31	29	20	27	26	19	21	27	25	28	39	21	27	37	24	30	35	33	26	23	22	35	23	26	29	25	20	22	21	38	32	29	23	34	24	23	24	18	27	28	27	24	19	44	31	28	24	21	25	27	22	24	19	29	27	27	30	31	25	25	25	30	22	27	25	31	26	21	27	23	20	33	26	20	23	28	25	18	21	26	43	19	16	27	16
Proteocatella	4	3	1	3	2	4	4	2	7	3	3	2	4	4	3	3	4	2	0	0	3	3	2	2	2	5	5	3	4	6	4	1	6	4	1	2	0	6	5	4	4	2	2	1	1	1	4	4	5	5	4	4	5	2	4	3	4	3	1	1	0	6	1	5	7	8	4	2	3	3	2	1	0	4	1	3	3	3	5	2	6	3	2	2	2	3	6	4	4	5	2	0	4	5	1	2	1	3	0	3
Pseudarcicella	2925	2873	2857	2937	2857	2906	2812	2871	2883	2879	3007	2944	2924	2896	2828	2921	2891	2917	2939	2909	2932	2894	2938	2913	2901	2916	2936	2886	2921	2901	2877	2907	2921	3056	2886	2882	2889	2940	2900	2814	2899	2902	3015	2878	2915	2916	2919	2838	2854	2926	2825	3014	2823	2915	2848	2956	2867	2837	2692	2871	2878	2913	2972	2859	2810	2936	2930	2973	2755	2808	2992	2861	2861	3031	2988	2828	2936	2830	2859	2873	3036	2935	2837	2921	2958	2929	2885	2910	2898	2868	2914	2807	2947	2960	2915	2926	2904	2868	2946	2896
Pseudolabrys	6	0	4	5	4	5	7	2	1	4	4	1	6	0	3	1	0	1	5	1	6	1	3	3	2	5	1	6	2	0	4	3	5	2	3	5	5	2	7	2	2	4	9	4	1	4	2	5	3	4	3	1	4	4	1	2	7	4	5	1	4	3	1	6	5	2	6	3	2	2	5	5	5	5	4	10	2	0	3	3	0	5	2	7	4	1	4	8	3	5	4	2	2	4	3	4	1	3	2	1
Pseudomonas	90	105	92	89	80	97	95	104	89	98	77	95	89	100	82	109	90	89	86	108	88	111	91	114	79	105	69	85	70	84	89	91	99	91	92	104	82	89	89	85	87	110	98	93	71	89	77	90	103	89	87	96	106	108	110	97	79	106	94	103	85	117	91	87	94	75	102	106	97	81	93	87	96	74	102	97	97	95	93	100	96	90	68	95	93	94	79	104	95	97	85	83	90	105	95	88	77	94	90	99
Pseudorhodobacter	157	119	118	110	121	111	117	140	117	135	133	120	148	137	133	120	127	128	134	136	126	132	127	127	130	142	113	134	130	127	129	131	144	107	131	132	127	143	141	145	127	128	133	121	119	149	119	140	126	143	122	152	127	126	148	129	148	122	133	140	132	137	168	127	137	134	138	112	133	146	138	135	149	136	140	125	156	129	140	133	145	127	123	158	130	125	134	132	140	125	138	121	118	114	134	137	134	126	147	127
Pseudorhodoferax	1	1	3	0	1	3	1	0	1	1	0	1	0	2	3	4	3	1	2	1	3	1	6	3	4	1	0	2	0	1	2	1	1	1	3	1	0	4	3	1	2	2	1	0	0	1	2	3	1	1	0	1	0	1	1	4	1	2	0	2	0	2	3	2	1	3	0	5	0	1	1	0	4	3	2	1	1	3	2	0	2	2	1	5	1	2	2	1	1	1	0	1	1	3	3	2	0	1	1	1
Pseudorhodoplanes	7	9	13	4	5	9	13	18	9	13	13	16	10	7	13	10	9	9	6	8	9	9	11	9	10	11	8	8	6	11	16	9	8	6	11	13	7	8	11	9	7	6	10	7	17	4	6	3	9	12	12	11	9	13	11	9	16	9	13	5	10	9	16	11	9	3	10	12	11	10	14	7	10	6	5	8	8	9	10	15	15	7	7	7	9	10	15	14	9	11	5	18	8	6	7	9	9	8	6	11
Pseudoxanthomonas	6	14	11	10	15	15	10	13	5	7	13	12	19	15	10	10	14	13	13	13	11	13	12	13	11	11	10	13	10	6	12	17	17	6	12	18	11	12	11	11	9	10	14	12	14	13	15	10	7	10	14	15	13	17	8	5	12	18	8	14	8	7	7	6	16	9	9	14	9	13	9	13	16	13	8	8	7	15	18	9	11	12	13	10	14	14	9	9	12	10	11	9	13	18	19	10	15	6	10	8
RS62 marine group	3	2	2	1	0	1	1	4	4	1	2	1	6	0	0	1	2	1	0	2	2	1	2	0	0	2	4	1	2	2	3	3	1	0	1	0	3	2	2	2	0	1	2	1	0	1	2	1	3	0	1	0	1	2	3	0	0	0	0	2	1	1	0	2	1	0	1	2	1	2	3	3	3	1	2	1	1	0	1	1	0	0	2	1	1	1	1	0	1	0	1	1	1	2	1	3	1	1	0	1
Rahnella	6	9	6	3	12	5	4	6	5	5	5	4	8	5	9	6	6	3	8	4	7	3	4	5	8	6	5	5	6	6	6	2	5	3	9	7	5	9	3	5	5	4	7	8	3	8	5	5	1	3	5	5	1	6	8	3	8	3	8	6	7	4	11	10	2	3	6	3	2	6	2	5	2	5	8	5	8	3	9	7	2	4	5	6	7	2	3	4	4	8	5	7	6	5	4	5	8	6	5	10
Ramlibacter	22	14	23	22	17	12	17	15	12	15	22	20	18	14	18	20	24	24	18	15	12	13	21	18	11	13	15	13	15	16	12	17	25	11	12	16	20	18	25	15	19	13	19	13	21	18	10	20	13	27	14	18	17	17	16	18	15	20	18	19	19	19	13	25	17	14	18	21	16	17	17	19	17	15	25	20	13	11	15	15	32	16	15	24	26	25	12	16	15	19	15	21	14	22	21	22	19	16	20	12
Raoultella	14	16	17	12	15	18	11	10	15	13	19	9	14	17	8	14	12	10	11	14	15	13	12	10	9	14	13	16	8	12	19	13	12	18	10	11	12	10	15	23	15	11	21	16	8	16	7	17	16	7	14	24	11	13	13	12	15	8	17	17	8	16	13	8	11	12	11	9	13	12	11	14	12	13	16	13	18	11	19	10	14	11	13	19	16	8	14	15	16	9	10	8	19	11	10	11	13	13	18	8
Reyranella	57	66	78	73	68	57	62	65	50	75	66	63	50	60	72	62	57	62	71	59	60	76	65	68	69	60	73	81	66	65	63	69	72	52	64	50	75	63	59	56	46	64	71	56	65	56	84	75	70	66	73	67	49	62	50	50	69	57	80	60	65	64	75	62	63	77	66	55	66	69	67	57	61	60	55	52	76	50	62	71	53	64	54	51	65	69	57	62	45	56	69	69	59	64	70	60	72	60	69	72
Rheinheimera	15	12	13	14	22	17	14	11	14	14	10	19	18	17	16	8	17	14	15	18	19	26	11	13	17	13	21	12	22	9	11	13	18	21	15	21	16	14	9	12	12	14	14	19	16	13	13	20	9	14	20	12	13	13	16	12	16	17	18	15	8	15	16	19	18	11	11	16	13	18	16	14	14	20	10	18	16	18	19	17	15	15	13	9	18	16	17	17	26	14	16	17	19	14	20	18	14	12	11	17
Rhizobacter	294	243	266	287	231	233	241	269	255	261	267	252	262	296	264	266	272	293	259	254	310	301	250	257	266	253	235	282	257	247	289	277	265	282	291	260	249	265	239	251	251	283	283	245	252	292	258	255	248	254	259	241	275	258	272	266	263	270	297	263	265	268	273	280	271	252	279	255	274	291	254	263	272	255	263	311	232	250	259	258	264	246	280	260	270	257	272	273	269	240	255	267	261	274	255	285	259	241	263	267
Rhizorhapis	7	11	5	8	5	10	9	5	8	10	6	7	3	6	8	6	3	7	8	8	4	5	9	5	9	5	6	5	11	9	7	4	10	6	4	5	6	7	9	5	10	8	13	10	9	6	8	8	9	6	6	11	6	4	8	7	6	2	12	6	6	7	8	6	2	7	3	12	5	13	8	11	9	9	4	4	5	5	8	9	6	3	8	7	5	4	16	2	9	5	5	6	12	6	9	10	6	8	11	10
Rhodobacter	541	535	528	511	539	537	488	502	526	546	512	513	525	514	513	535	496	526	520	539	507	525	522	520	554	525	500	529	469	500	538	540	515	505	538	536	509	525	525	516	529	524	535	534	519	492	567	513	536	566	520	495	492	493	529	534	529	518	478	567	563	535	493	507	527	506	551	559	548	511	548	496	509	492	539	564	522	502	530	530	510	546	531	510	513	537	531	551	511	521	537	496	499	526	546	521	536	579	501	561
Rhodococcus	0	1	0	0	2	2	3	1	3	0	0	2	3	0	1	0	3	3	2	1	2	1	3	0	1	2	3	1	2	1	2	1	3	2	5	4	2	2	2	2	2	2	1	0	1	0	2	3	1	2	0	1	0	1	2	1	1	2	3	0	2	1	2	2	2	1	3	0	0	1	2	1	0	3	0	1	2	2	2	0	1	1	3	2	3	3	1	2	0	0	1	1	1	1	1	1	1	0	2	2
Rhodoferax	1835	1758	1759	1814	1796	1763	1915	1774	1849	1844	1769	1869	1782	1789	1840	1821	1814	1850	1765	1800	1825	1780	1811	1808	1805	1855	1827	1869	1824	1912	1817	1743	1798	1817	1793	1846	1826	1774	1791	1868	1795	1762	1783	1827	1829	1855	1751	1895	1847	1879	1813	1836	1774	1762	1891	1823	1916	1849	1873	1814	1750	1856	1776	1770	1872	1739	1822	1753	1849	1797	1762	1766	1812	1779	1825	1837	1807	1872	1750	1873	1843	1816	1826	1839	1837	1729	1863	1831	1819	1810	1806	1844	1720	1814	1780	1831	1866	1825	1841	1850
Rhodoluna	63	50	73	46	56	70	59	68	72	67	45	65	73	44	63	73	70	65	62	68	64	58	56	55	65	58	79	65	52	54	51	64	50	66	53	70	63	52	70	61	79	85	61	58	75	69	62	72	57	63	59	53	71	70	65	76	56	66	60	64	55	54	56	77	58	67	56	63	63	52	61	60	57	67	62	62	65	64	43	65	61	61	66	63	59	71	59	55	41	69	64	55	60	50	67	58	66	59	64	80
Rhodoplanes	21	18	10	13	29	12	17	17	9	21	19	19	25	14	16	13	10	15	26	21	20	20	16	16	17	15	22	23	15	22	23	14	14	20	22	13	18	13	17	22	17	17	18	9	12	14	12	22	16	14	15	16	20	18	16	19	19	14	29	15	16	15	17	15	17	22	20	12	17	16	15	20	16	19	12	19	12	20	16	28	13	16	21	15	28	16	14	9	19	17	19	19	24	25	14	17	14	15	19	21
Rhodovastum	2	1	1	1	2	2	0	3	1	0	0	0	0	1	0	1	0	1	1	3	0	0	1	1	2	1	1	2	0	2	0	3	3	2	3	0	2	0	0	1	0	2	3	0	1	3	2	0	0	1	1	1	0	0	4	2	1	0	2	0	1	3	2	1	1	1	0	1	3	0	1	1	0	1	0	0	0	1	0	2	1	1	2	2	0	0	1	2	1	1	3	0	0	3	1	2	0	2	1	1
Rickettsia	0	0	3	2	0	0	2	1	3	0	3	3	2	2	0	3	1	1	0	3	2	0	1	3	3	0	4	0	2	3	3	1	0	1	1	1	5	2	1	1	4	1	2	2	6	0	1	2	3	1	1	1	1	2	1	0	0	0	0	1	0	0	1	5	2	0	1	1	4	3	2	0	1	2	0	1	3	5	2	3	1	3	3	1	0	1	2	2	0	0	1	2	1	1	0	2	2	3	0	0
Rickettsiella	70	77	75	67	91	81	85	80	82	88	92	78	75	90	82	76	89	83	88	83	86	95	96	83	78	80	90	77	77	82	99	87	75	69	88	85	76	62	106	95	73	80	70	103	82	68	87	76	69	86	95	74	87	82	66	78	81	84	79	85	80	63	75	80	73	90	100	81	99	75	80	96	85	79	89	85	98	86	80	78	104	77	89	83	88	89	68	93	70	71	89	89	65	88	81	79	81	82	94	84
Rikenellaceae RC9 gut group	6	4	10	5	5	6	3	7	7	8	5	9	4	5	9	8	7	5	10	8	6	7	7	6	5	8	6	3	1	5	4	9	9	4	9	9	7	9	7	8	10	3	5	3	10	1	7	7	7	5	3	5	4	4	8	9	9	6	3	4	4	6	6	7	7	8	4	6	2	3	6	9	4	10	10	4	6	2	14	3	5	6	4	6	7	6	10	1	3	8	8	5	4	8	7	10	6	6	8	3
Rivicola	24	23	24	18	22	25	25	19	29	24	33	21	23	26	21	23	19	17	24	26	13	23	20	30	28	24	24	20	18	22	24	25	24	19	23	15	30	22	32	25	31	23	26	20	25	30	20	28	35	20	28	28	24	25	20	31	21	21	30	21	27	26	17	25	19	26	31	20	27	29	27	27	11	25	31	23	25	22	18	24	18	31	26	28	25	21	25	23	25	28	21	22	20	24	23	25	26	23	26	20
Romboutsia	136	171	168	164	160	141	151	169	152	185	146	183	168	165	154	161	137	161	164	164	175	143	161	150	163	163	157	167	143	145	144	169	166	175	160	161	154	162	146	153	147	179	171	166	161	164	156	161	142	161	155	153	158	163	160	156	157	165	166	161	170	152	177	156	159	174	159	139	143	154	163	142	172	163	169	169	161	149	137	159	137	169	168	173	143	161	145	159	151	179	164	166	168	154	176	170	165	171	159	170
Roseburia	13	9	14	22	17	10	19	6	10	15	11	12	19	17	13	16	10	9	14	11	14	12	20	9	14	8	11	13	13	11	19	13	17	9	15	12	14	15	14	21	12	12	19	15	14	18	16	17	17	14	14	13	15	8	6	18	10	9	8	13	15	7	9	13	12	12	13	14	6	16	19	15	10	14	14	8	13	13	17	10	26	7	9	17	17	9	12	14	9	16	15	16	12	10	13	15	15	16	14	8
Roseobacter clade CHAB-I-5 lineage	1	4	5	1	4	7	3	5	1	4	1	1	6	5	2	4	5	5	2	1	0	2	0	3	0	2	5	4	1	3	2	2	4	2	6	2	0	6	2	2	1	4	4	5	0	6	1	2	2	0	0	7	2	3	1	4	2	3	5	3	3	2	2	4	2	3	5	2	2	3	2	2	2	4	1	3	5	4	2	2	3	0	2	3	4	2	3	2	6	4	3	4	7	3	4	2	3	0	3	1
Roseomonas	6	7	9	17	10	9	12	12	13	11	14	8	14	9	13	13	15	13	10	11	15	5	10	8	16	16	11	10	15	14	7	9	12	12	10	6	12	5	12	10	17	9	10	10	6	14	7	13	13	12	9	11	13	5	13	8	13	5	9	8	11	9	18	14	15	17	12	11	14	11	7	11	16	9	20	14	14	10	16	9	9	17	10	13	10	17	12	8	9	10	11	11	15	14	14	10	16	16	12	7
Rubrivivax	151	169	142	141	139	172	156	162	154	167	180	152	142	160	156	158	187	163	177	159	156	174	158	167	163	136	164	158	169	169	186	148	159	142	149	160	161	133	141	160	145	159	166	172	150	135	147	157	148	171	159	166	157	176	147	158	152	181	171	143	165	161	143	139	165	151	148	155	144	162	172	151	170	158	132	165	133	146	161	162	153	151	167	172	144	135	147	157	149	170	156	146	153	165	152	164	165	160	148	144
Rugamonas	5	5	3	5	11	5	7	3	3	5	9	9	7	8	6	9	3	9	6	4	5	5	10	11	9	9	9	11	8	3	8	7	6	4	6	9	9	8	3	6	1	5	3	9	6	7	11	8	8	5	5	8	3	5	5	10	2	8	4	6	7	7	7	5	5	3	11	4	3	9	10	4	6	6	13	5	5	8	3	8	5	2	4	4	6	3	4	7	6	4	6	7	8	4	1	4	11	9	4	4
Ruminiclostridium 1	3	3	2	2	3	2	3	4	1	0	3	3	6	5	3	4	2	3	3	2	5	2	0	2	1	1	4	2	5	6	3	3	4	5	4	4	4	3	1	2	4	3	0	4	3	7	5	1	2	2	5	1	5	5	3	1	3	8	2	6	2	3	1	2	2	0	3	3	4	2	0	3	4	1	7	1	3	2	3	3	2	2	2	4	3	2	2	2	1	2	5	2	2	3	3	4	4	0	2	2
Ruminiclostridium 5	3	4	5	4	1	2	4	2	2	3	4	3	3	3	3	8	2	3	5	1	2	1	3	5	3	4	5	2	7	6	4	6	1	3	6	3	2	6	3	4	4	2	2	5	4	3	3	4	1	3	5	3	3	4	1	2	3	6	2	1	2	5	6	4	7	5	7	6	1	3	0	5	5	0	3	3	3	1	3	6	2	0	5	1	2	4	2	3	1	2	3	6	4	3	3	4	2	5	5	2
Ruminococcaceae NK4A214 group	7	7	1	10	1	6	3	2	3	3	6	6	7	4	9	6	7	7	4	9	5	3	7	3	1	4	7	4	5	5	3	3	6	5	9	2	5	8	5	7	2	2	8	5	5	7	6	7	10	5	4	5	4	1	5	4	6	7	2	5	9	4	5	4	3	7	7	5	7	6	3	5	3	4	3	5	4	5	5	8	4	7	4	3	7	9	2	4	3	6	5	3	2	5	5	7	4	7	4	4
Ruminococcaceae UCG-002	9	12	7	5	11	11	11	8	6	13	14	14	13	13	7	3	14	8	16	8	7	7	5	11	9	9	10	6	8	10	13	7	11	10	12	11	9	14	12	13	14	9	11	12	9	8	4	9	6	14	9	17	8	11	10	11	12	10	8	10	11	11	6	5	10	8	7	13	12	10	14	12	6	11	9	7	9	5	10	12	8	7	5	9	10	8	13	9	15	12	5	7	10	5	14	10	5	14	6	9
Ruminococcaceae UCG-003	1	2	2	0	1	0	1	1	2	2	2	1	1	0	3	1	0	1	1	2	0	4	3	1	2	4	1	1	6	3	2	2	0	0	2	1	2	1	4	1	2	1	0	2	1	2	0	0	2	6	0	1	1	2	1	1	1	3	2	3	3	2	3	2	0	3	5	1	2	2	1	3	2	1	2	1	2	3	3	1	3	1	1	1	2	2	0	2	0	3	2	1	2	0	3	2	0	1	2	1
Ruminococcaceae UCG-005	4	2	3	5	5	4	8	4	6	5	7	2	4	9	5	4	4	6	1	6	4	7	3	4	9	3	2	7	9	6	7	3	7	5	10	9	6	3	6	6	2	1	5	2	6	7	4	6	4	13	3	7	8	6	6	10	2	2	8	11	2	7	3	7	4	4	5	7	3	6	5	3	9	4	5	6	4	2	6	3	5	9	5	9	6	8	9	3	4	2	4	5	5	3	7	5	4	3	4	1
Ruminococcaceae UCG-010	3	6	3	1	4	1	3	2	1	0	4	4	1	3	4	2	3	2	3	2	2	5	2	0	0	2	6	3	3	1	0	4	4	6	4	2	2	3	1	2	3	1	3	5	1	2	2	0	2	3	2	7	6	2	2	1	3	4	2	6	4	2	3	4	4	4	1	2	5	3	2	5	3	1	4	2	4	2	1	1	6	3	2	1	0	4	2	2	5	2	3	1	3	2	0	3	3	3	3	3
Ruminococcaceae UCG-013	2	3	4	2	6	3	2	3	5	2	7	2	2	2	6	5	3	3	5	3	4	6	3	9	2	2	1	5	1	2	3	1	3	1	2	4	1	3	9	0	6	5	2	1	6	4	1	4	2	8	5	4	8	4	4	4	3	4	2	2	2	5	3	1	2	5	2	5	3	3	2	5	1	4	2	6	6	5	3	5	3	6	2	7	1	4	0	3	3	2	1	3	1	2	7	5	3	1	3	3
Ruminococcaceae UCG-014	2	1	3	5	6	5	2	3	3	4	6	9	4	4	3	7	6	5	4	6	8	4	5	4	4	4	2	5	7	4	3	7	2	6	4	1	4	7	5	2	3	2	4	6	5	6	5	9	4	2	2	3	2	6	5	6	3	3	8	6	3	8	8	5	1	4	6	7	7	6	5	2	3	4	5	5	4	10	5	6	5	4	6	6	5	4	3	6	6	3	3	3	6	6	4	8	4	4	2	8
Ruminococcus 1	4	5	3	4	5	9	7	5	2	8	3	3	8	2	3	3	4	3	2	3	5	3	11	7	10	6	2	3	2	7	7	6	5	8	5	4	5	7	8	5	8	5	5	12	5	7	7	5	6	6	6	3	1	4	6	9	4	9	5	5	7	6	3	6	3	3	5	5	8	5	10	9	10	6	2	8	4	6	6	5	8	11	4	2	5	9	11	6	3	5	4	6	2	3	4	6	3	2	8	7
Ruminococcus 2	31	23	25	32	24	23	26	27	15	23	24	15	26	21	31	25	30	25	27	20	26	24	21	30	26	26	28	17	31	26	30	20	25	33	29	24	26	18	28	22	23	27	25	22	30	31	23	28	26	18	26	26	21	23	29	30	20	20	19	21	18	28	24	20	20	21	23	22	29	26	19	27	23	24	33	18	32	21	23	32	18	22	31	32	22	23	23	24	28	23	25	29	26	22	33	17	24	12	37	25
Runella	75	58	81	71	59	59	62	48	48	77	69	66	67	73	65	68	71	66	66	68	76	71	60	71	57	77	67	70	60	64	67	60	47	64	66	102	64	61	69	70	62	58	69	65	63	49	64	90	56	67	39	59	57	66	66	74	63	61	52	48	60	60	66	50	59	71	53	61	67	73	55	77	57	56	76	74	65	56	66	67	54	68	73	61	66	80	60	72	63	60	64	71	64	56	60	61	61	71	76	58
SH-PL14	3	3	8	5	9	3	7	6	7	7	3	6	6	3	9	2	4	2	7	3	2	1	3	4	3	3	6	3	3	8	2	6	2	8	6	7	4	5	8	8	2	6	4	8	4	7	4	5	9	4	0	3	9	5	4	1	2	4	2	3	2	5	8	5	5	1	7	1	1	4	3	4	10	6	3	2	3	3	4	3	8	8	3	4	5	6	4	4	2	1	4	4	5	7	0	5	3	4	1	4
SM1A02	2	3	5	2	4	1	7	2	1	4	3	2	4	1	0	4	4	4	1	4	2	2	4	4	2	5	3	5	0	2	1	3	3	8	2	4	3	1	4	0	4	3	2	2	3	6	0	2	1	2	2	5	5	4	1	1	4	1	3	1	5	2	5	3	2	5	2	2	4	3	3	2	2	2	0	4	4	3	3	1	1	4	3	2	3	4	0	4	4	3	4	2	4	2	3	1	7	1	1	0
Saccharofermentans	4	8	7	6	4	7	4	7	2	4	9	3	4	1	6	0	3	7	9	2	5	3	4	3	4	4	8	4	7	10	8	3	10	8	2	4	7	4	3	5	6	1	8	7	1	4	7	5	5	4	6	1	7	7	7	7	2	2	5	7	3	1	5	8	9	10	6	4	5	3	5	5	5	5	4	5	4	4	8	2	5	6	8	3	3	6	2	7	4	2	9	3	4	3	1	8	5	5	5	3
Salmonella	3	4	4	1	2	3	5	3	3	4	3	2	2	3	2	1	1	1	2	0	7	5	4	3	2	2	2	2	0	1	1	5	2	6	4	1	1	2	2	5	1	3	5	5	6	4	2	2	0	2	4	3	3	2	4	1	1	1	5	1	4	6	0	3	1	7	1	1	1	2	5	2	1	2	1	4	5	4	4	6	4	2	0	1	3	3	1	2	4	1	4	1	3	4	0	4	3	8	4	4
Sandaracinus	4	3	5	0	5	2	3	2	3	2	5	3	5	2	4	2	3	4	3	1	5	4	3	0	4	7	0	4	6	4	3	3	2	4	7	5	1	1	5	0	2	3	3	1	2	5	3	4	4	2	5	3	4	1	6	5	1	4	2	2	5	3	4	6	0	4	5	3	5	1	3	6	1	2	3	0	5	2	4	7	2	1	6	1	4	2	5	1	3	3	4	8	3	3	2	2	1	1	5	3
Sandarakinorhabdus	0	0	1	3	1	1	2	2	4	0	2	2	3	2	0	1	2	0	1	0	2	1	2	1	1	0	3	2	1	0	1	0	0	1	1	0	0	1	1	3	1	4	0	2	0	1	0	2	0	1	1	1	1	1	0	0	2	1	1	0	2	0	3	2	0	0	1	1	2	1	2	3	1	3	0	0	1	2	1	0	1	1	2	1	1	1	2	4	2	2	0	1	1	0	2	1	3	1	2	2
Sedimentibacter	3	3	4	5	5	2	2	1	6	4	6	2	4	0	1	2	3	4	2	1	1	7	4	3	3	2	1	3	1	5	4	3	0	4	2	5	4	4	4	4	2	3	4	6	2	3	2	1	5	5	2	3	5	6	2	4	3	3	5	3	3	1	1	1	2	2	2	2	0	5	0	4	2	4	3	4	4	4	3	3	2	3	4	1	3	2	4	1	1	2	0	3	0	2	1	3	1	2	0	2
Sediminibacterium	30	35	33	28	27	35	33	36	28	29	26	36	36	39	32	32	25	34	29	40	30	39	29	34	27	33	29	27	34	37	32	27	33	27	32	31	26	36	33	37	28	36	33	34	40	29	29	34	39	24	39	36	32	47	31	29	23	36	38	37	39	43	27	35	24	33	32	33	31	36	31	33	34	30	27	31	39	39	35	38	38	41	35	30	44	26	32	22	42	23	36	43	32	31	40	42	32	29	35	27
Selenomonas	1	1	2	1	3	1	1	3	1	0	0	0	2	2	1	1	1	1	3	2	1	0	1	0	0	1	2	3	0	3	1	2	1	1	5	0	1	0	0	0	0	0	1	3	2	1	4	1	1	1	1	1	1	0	1	1	1	0	1	2	1	3	1	3	2	1	1	1	1	4	1	0	0	2	1	2	1	1	1	0	1	2	1	2	1	2	1	0	3	0	0	2	0	1	0	1	2	2	1	0
Sellimonas	6	1	1	2	2	1	2	1	1	1	0	0	3	4	2	3	2	1	1	1	1	2	0	1	1	1	1	0	2	2	3	3	1	2	0	4	2	1	2	3	1	1	1	0	5	1	2	1	2	1	2	1	3	1	0	0	0	2	3	2	3	0	2	0	0	1	0	2	1	1	0	1	0	1	1	6	1	3	0	0	2	3	1	1	0	1	1	0	0	0	2	1	2	1	1	1	1	0	1	2
Serratia	6	6	12	7	4	16	13	10	8	6	10	9	9	14	9	12	9	6	5	12	12	14	12	9	18	8	8	9	11	10	9	8	13	7	10	11	9	12	10	16	13	14	7	12	15	9	12	9	9	12	15	8	10	15	12	14	19	6	10	14	5	15	15	17	16	14	13	15	16	19	12	13	10	11	6	12	6	16	8	10	16	20	3	4	10	18	7	13	10	14	10	12	12	7	7	7	15	6	13	9
Sh765B-TzT-35	3	3	1	5	3	4	4	0	1	1	1	4	2	3	1	5	7	1	2	0	2	4	4	2	1	7	5	1	4	0	4	4	4	3	4	2	2	2	3	2	2	0	0	5	5	2	1	1	2	2	3	4	3	2	6	1	3	4	4	3	1	0	2	6	3	2	4	3	2	5	3	3	4	3	4	2	2	4	1	1	1	2	5	0	3	4	1	3	6	4	2	4	2	2	3	0	0	3	2	2
Shinella	5	6	3	3	2	1	6	4	2	7	6	4	5	4	6	5	3	1	6	8	4	2	5	6	5	3	5	4	5	2	4	5	5	5	6	3	0	4	1	5	2	5	5	2	1	0	1	6	3	4	5	5	5	7	1	4	4	4	3	7	4	4	1	7	4	6	9	5	5	5	1	6	3	4	7	4	6	3	4	7	4	4	8	5	5	4	8	4	2	1	4	1	6	3	7	4	4	5	2	3
Shuttleworthia	2	1	2	0	1	3	2	2	1	2	1	1	0	1	0	1	3	3	0	2	2	0	3	1	4	3	0	1	4	3	2	2	0	4	3	2	0	2	2	1	3	1	3	2	1	2	1	1	2	0	1	0	2	1	1	2	1	1	1	0	0	1	4	3	1	2	2	2	1	3	3	1	0	2	4	2	2	0	1	2	4	3	0	2	2	2	1	4	4	1	0	1	1	1	2	2	2	2	2	1
Sideroxydans	7	5	8	8	1	5	5	7	6	7	7	9	7	5	8	3	5	5	4	8	4	10	6	6	5	5	5	2	7	6	5	7	3	7	6	9	10	8	5	3	6	8	5	4	4	7	6	6	7	8	4	10	6	7	6	8	8	9	2	7	6	6	6	11	9	8	9	7	7	5	6	5	5	8	2	9	7	8	8	9	7	5	3	4	6	8	1	10	8	12	3	8	5	12	3	6	4	5	8	5
Silvanigrella	0	1	2	2	3	1	0	2	0	1	2	1	0	1	3	1	2	2	1	2	3	1	1	1	2	1	0	1	0	3	0	2	1	3	0	1	2	3	5	2	1	1	0	0	1	0	2	4	1	2	1	0	1	3	1	1	1	3	3	1	1	3	4	3	1	1	0	3	0	2	1	1	1	2	1	1	1	2	0	1	4	5	2	1	2	1	3	1	0	2	3	2	1	1	2	0	1	2	2	3
Simplicispira	318	308	351	307	317	306	351	306	328	309	312	309	289	318	286	286	311	306	275	305	291	326	317	283	309	314	315	312	320	326	305	305	289	298	317	320	313	310	316	276	310	334	305	337	329	334	329	297	317	300	319	294	320	315	283	355	324	313	321	315	338	306	298	338	325	307	302	331	318	338	293	332	313	310	361	323	314	308	300	296	303	310	342	305	327	341	325	317	319	301	312	299	335	303	306	310	328	314	302	304
Singulisphaera	5	2	3	2	3	1	4	3	3	3	0	5	2	2	3	3	1	3	3	1	2	2	0	3	2	1	2	3	2	0	3	4	1	3	4	0	2	3	4	5	4	2	1	1	3	2	2	0	5	4	3	2	4	2	4	1	5	0	0	4	2	0	1	4	5	1	4	3	2	5	4	3	3	1	1	3	3	3	3	2	3	3	4	4	1	1	5	4	1	2	1	4	6	2	1	7	2	6	6	2
Skermanella	0	1	0	1	2	2	1	0	1	1	2	1	3	0	1	1	1	1	1	4	2	1	1	0	1	1	2	0	1	1	0	1	1	1	1	2	1	1	1	2	2	0	1	1	1	2	1	1	1	0	3	2	1	0	2	2	3	2	1	1	1	1	1	1	0	1	1	1	0	0	1	1	0	0	1	0	0	0	1	2	2	1	1	1	2	4	1	3	1	0	5	1	3	2	1	0	2	0	1	1
Smithella	3	2	4	2	4	4	3	4	4	4	1	4	2	3	4	6	1	6	1	3	3	4	6	2	2	6	4	1	5	5	5	6	2	3	3	8	3	5	8	2	3	7	4	0	0	6	4	1	5	2	1	4	1	7	4	2	2	6	3	1	2	3	4	3	7	5	2	1	6	3	2	2	4	4	0	4	6	4	2	3	5	2	3	6	5	1	2	4	2	3	4	3	4	2	2	3	4	3	1	7
Solitalea	0	0	1	2	1	0	3	2	3	1	1	2	4	1	0	0	0	1	1	0	1	1	1	3	3	2	1	1	3	3	1	1	1	1	0	0	3	1	4	0	1	1	1	1	1	0	2	1	0	1	2	1	0	1	1	1	2	1	2	0	4	3	3	3	2	1	2	0	3	2	1	0	2	2	1	0	1	0	1	1	1	0	2	3	1	1	3	2	1	1	2	0	2	1	0	3	1	1	3	3
Sorangium	5	5	0	2	2	1	4	3	1	2	0	4	3	1	1	1	3	3	4	4	2	2	0	1	3	2	1	2	6	0	3	0	5	3	0	3	3	3	2	2	1	3	4	2	2	4	2	2	0	4	4	2	6	3	2	1	0	2	2	2	4	2	2	1	5	4	3	1	4	1	0	1	4	3	1	1	3	4	2	0	1	4	2	1	1	2	0	1	3	5	2	2	1	1	2	3	4	4	2	1
Sphaerotilus	38	39	66	60	48	44	53	50	56	65	49	64	53	45	59	51	37	47	65	44	40	45	39	46	39	52	46	52	48	46	53	49	54	58	44	53	35	54	39	40	53	42	40	40	48	52	41	57	59	45	56	53	48	48	55	45	49	50	48	54	49	48	39	42	57	56	44	47	50	46	52	56	56	62	34	46	52	43	36	53	44	45	42	63	47	49	39	37	43	56	43	43	47	54	48	47	51	56	51	55
Sphingobium	14	24	19	11	19	17	23	11	8	17	22	17	14	9	18	16	21	21	11	18	16	16	17	17	11	23	18	16	12	16	19	16	25	11	17	25	16	12	22	18	20	14	16	16	24	12	18	17	16	22	18	20	13	17	20	17	17	17	8	15	18	22	15	18	17	13	23	22	7	14	24	13	21	15	25	7	28	13	19	17	13	19	7	19	17	15	14	18	21	22	19	17	18	17	25	19	20	13	11	21
Sphingomonas	8	13	11	7	12	11	15	12	4	13	9	17	4	7	9	16	4	5	11	15	8	5	12	11	8	12	16	10	7	10	11	16	4	13	12	11	15	12	12	14	11	14	7	15	8	7	8	15	15	15	7	11	13	13	5	11	22	8	15	11	10	13	6	8	16	15	11	17	8	13	11	8	10	10	10	13	13	13	11	20	12	17	11	14	7	12	7	10	13	4	12	11	13	7	11	13	14	11	8	12
Sphingopyxis	45	47	41	46	53	50	54	60	50	45	45	65	54	48	55	37	53	43	62	56	60	40	56	52	41	47	49	39	47	59	52	44	61	62	48	49	53	45	53	47	66	59	56	45	63	40	48	60	47	53	52	45	41	52	57	59	54	49	51	51	54	43	37	40	47	51	56	43	54	46	53	49	39	36	50	45	60	51	53	46	47	42	50	48	47	41	50	44	48	49	37	56	57	45	51	56	35	53	48	51
Sphingorhabdus	407	360	356	348	356	373	354	368	352	317	388	359	351	338	354	352	394	322	365	374	358	335	353	375	338	377	366	352	336	364	367	360	359	375	376	396	386	361	324	392	356	298	351	358	377	373	325	333	340	345	390	336	327	398	375	338	360	339	346	394	363	344	326	354	352	329	348	364	318	326	370	323	296	385	308	329	326	395	343	363	313	376	364	369	334	344	355	361	333	366	351	340	331	327	326	327	359	352	373	320
Spirochaeta 2	4	2	3	2	0	2	3	2	0	0	5	3	0	1	2	5	3	2	1	4	2	6	2	2	3	4	4	1	3	1	2	3	3	2	1	3	1	5	2	4	2	4	2	4	1	0	2	4	2	3	2	5	2	7	4	3	2	2	2	1	5	0	1	2	3	0	5	3	2	1	0	1	3	2	1	1	1	3	3	2	3	3	0	3	1	4	0	1	3	2	4	2	1	2	4	2	3	0	1	1
Sporomusa	2	0	0	1	2	2	0	1	2	2	0	0	2	1	4	1	3	1	1	4	1	0	2	0	2	1	2	0	1	0	0	4	3	1	2	3	1	2	1	2	0	0	2	2	2	4	1	1	1	2	0	2	3	1	0	2	1	2	1	0	5	1	1	0	2	0	1	2	2	3	2	1	2	0	2	0	2	2	5	1	4	0	2	0	3	2	2	2	1	1	3	1	3	1	1	3	1	2	4	2
Sporosarcina	5	1	1	3	4	5	0	5	1	2	3	1	3	3	2	1	3	3	1	2	1	2	3	1	3	4	3	1	3	3	2	3	2	0	1	6	1	2	0	7	2	2	2	4	2	2	3	4	3	2	1	3	6	0	2	2	4	4	1	4	1	4	4	3	2	3	1	2	4	4	4	3	3	1	2	8	2	1	1	4	1	1	2	4	1	3	5	3	3	3	3	2	4	1	4	5	2	3	5	3
Staphylococcus	2	2	3	3	3	11	1	3	3	6	2	1	5	3	3	3	2	2	4	3	1	3	1	6	1	0	11	4	0	5	0	0	2	1	2	1	4	1	3	1	1	1	2	1	2	0	2	3	3	0	4	3	3	2	1	3	3	1	5	2	3	0	3	4	0	3	5	1	6	2	2	3	4	0	0	4	0	1	5	2	0	2	1	1	2	0	3	1	3	2	2	2	1	2	7	4	2	2	3	6
Stella	42	38	37	37	31	38	48	34	28	23	36	40	34	39	30	34	30	22	34	36	38	34	42	38	25	35	31	35	38	23	42	35	29	31	33	23	33	49	39	33	37	45	40	31	33	31	38	38	39	49	36	45	30	50	34	43	35	40	36	30	44	36	31	40	33	46	44	40	33	30	34	33	30	34	34	38	26	43	34	31	36	27	38	33	29	42	38	34	37	44	35	32	44	27	34	41	35	36	28	43
Stenotrophobacter	0	1	1	1	1	1	2	2	0	2	1	1	4	0	2	2	2	1	1	2	0	1	3	1	3	0	0	3	1	0	0	3	1	2	0	0	3	0	1	0	0	3	1	0	2	2	1	2	4	0	1	2	1	1	2	3	1	3	1	4	3	2	1	0	1	1	2	0	2	1	1	1	2	1	2	1	1	1	1	1	0	1	2	2	2	1	1	0	1	0	1	0	1	0	1	0	3	3	0	1
Stenotrophomonas	3	10	7	4	2	5	11	7	8	3	4	4	6	3	8	10	9	5	4	3	5	7	3	4	5	4	9	3	2	6	3	3	3	3	2	5	5	6	5	6	0	5	4	3	7	1	5	7	3	3	6	3	4	7	4	4	5	7	1	4	4	5	4	7	1	8	4	2	7	5	4	5	8	4	5	1	8	5	6	6	4	2	2	6	6	2	4	3	3	6	3	7	2	7	4	6	6	3	7	3
Sterolibacterium	6	13	7	5	11	6	2	5	10	8	7	3	7	5	7	8	5	6	6	2	6	4	9	7	7	3	2	11	8	5	12	9	4	8	3	4	6	5	8	5	9	3	8	3	5	8	5	3	6	8	9	3	11	3	8	7	9	7	10	5	10	5	0	5	11	5	7	9	8	5	4	5	8	5	4	9	8	4	6	5	3	5	8	4	8	4	4	6	8	2	11	5	6	8	5	5	8	5	4	5
Streptococcus	20	17	13	20	14	15	16	14	17	11	13	18	18	10	13	14	14	21	16	16	8	18	15	12	12	10	16	16	15	20	17	17	12	9	17	10	21	15	17	16	18	20	15	11	17	19	18	14	16	18	18	20	21	14	15	12	11	14	15	9	8	11	15	24	21	13	17	8	14	21	12	12	18	17	14	16	15	12	17	20	16	24	10	15	13	25	13	13	13	11	15	17	18	21	19	13	9	12	20	12
Subdoligranulum	48	50	60	60	52	53	65	52	48	45	47	49	33	39	49	55	54	47	61	51	53	50	55	55	51	49	48	43	50	54	50	56	47	48	61	44	52	78	62	49	52	55	52	55	42	52	61	48	54	59	61	44	55	51	49	58	48	47	46	44	40	60	51	47	63	48	48	58	54	48	61	55	54	57	44	63	54	56	45	46	66	66	46	61	59	43	54	39	76	50	48	54	53	40	54	46	36	55	57	57
Subgroup 10	3	3	8	2	5	4	2	5	8	5	10	4	6	8	9	4	5	2	9	8	4	2	1	2	4	2	8	6	1	4	5	6	6	5	7	2	4	3	5	4	1	7	5	3	4	8	4	6	3	4	4	2	10	6	3	6	6	1	4	4	0	6	4	3	5	1	3	3	7	0	3	3	3	5	3	5	7	4	5	3	2	4	8	3	3	4	4	4	7	4	8	2	2	1	3	4	5	2	4	8
Succinivibrio	3	4	0	2	1	3	2	2	2	0	7	3	3	0	4	1	1	4	1	3	1	2	2	2	3	1	2	2	1	3	2	4	3	1	2	3	3	0	6	1	1	2	4	2	2	2	3	2	3	3	3	1	4	2	2	2	3	1	4	1	2	3	6	4	3	3	3	4	5	2	3	4	1	0	4	2	3	2	5	3	2	0	3	1	4	4	4	7	1	5	2	1	4	2	0	3	4	3	1	5
Sulfuricella	2	4	5	1	4	3	1	2	0	2	2	2	2	3	6	3	5	2	0	2	3	3	1	7	4	4	4	2	1	2	2	1	3	2	2	1	3	0	3	3	4	4	2	1	4	2	5	0	0	3	1	3	4	4	0	5	1	1	1	0	1	3	3	1	3	5	3	3	6	1	4	5	1	3	4	4	3	2	0	3	7	3	3	0	5	0	5	5	2	0	4	2	4	1	3	3	3	2	0	5
Sulfuricurvum	352	314	353	319	313	313	322	348	352	360	330	318	349	351	312	345	302	343	318	336	343	311	348	298	306	332	318	340	332	332	369	357	311	350	336	360	331	334	332	332	338	333	363	354	354	333	344	337	315	310	337	303	342	313	346	330	320	305	342	322	354	336	312	346	356	346	311	301	327	338	329	346	364	321	352	315	350	349	358	326	312	335	361	355	350	350	341	312	337	335	343	310	354	330	307	330	331	326	350	349
Sulfurifustis	2	1	3	3	3	2	0	2	1	3	4	0	2	0	3	2	2	1	2	1	0	3	4	2	2	0	3	1	1	3	4	3	2	0	2	3	3	0	1	1	0	1	2	2	2	2	2	5	1	2	1	1	0	3	3	4	1	2	3	0	3	1	1	2	0	1	2	0	1	0	1	5	1	2	1	1	2	2	0	2	1	1	2	3	2	0	1	3	2	2	2	0	2	4	2	2	1	0	3	4
Sulfurimonas	138	111	141	148	148	157	149	142	144	142	168	151	161	146	131	160	163	151	128	125	140	149	146	147	142	135	139	133	139	160	127	147	142	127	159	141	137	132	151	146	130	133	146	142	137	132	157	149	131	133	164	125	148	148	149	143	146	121	149	122	127	133	145	164	144	157	128	147	147	153	158	145	143	136	145	152	151	131	161	151	123	155	167	137	118	165	127	137	151	136	131	170	131	169	162	159	135	121	138	150
Sulfurisoma	1	0	6	1	1	2	1	1	1	0	1	3	2	1	2	0	0	2	4	2	3	3	2	1	2	3	2	1	1	0	6	3	4	3	3	1	2	1	6	2	4	1	1	2	2	4	0	2	1	3	3	0	1	2	1	1	4	3	3	6	0	2	2	3	3	5	3	1	2	1	1	2	4	0	1	1	1	3	4	1	2	3	1	2	2	2	6	1	0	2	1	2	4	2	4	3	0	2	2	1
Sulfuritalea	215	216	240	242	245	216	212	208	232	228	223	212	207	234	218	244	238	229	208	224	226	218	216	200	206	242	248	221	201	253	210	217	228	238	212	230	220	221	234	214	227	224	227	239	234	209	220	231	222	245	224	228	237	241	232	234	202	256	197	201	201	221	207	240	245	209	245	225	222	201	241	207	218	209	238	219	227	239	233	207	246	229	236	219	205	237	237	203	234	229	209	218	213	198	242	234	231	246	226	226
Sulfurospirillum	196	181	192	176	185	183	206	173	171	201	161	165	172	177	214	184	187	219	171	209	163	173	173	175	184	212	188	199	165	180	191	193	186	204	199	194	171	176	205	196	176	166	183	180	176	203	181	193	194	194	186	204	175	210	169	232	178	168	200	186	208	193	212	193	199	170	182	187	209	205	202	176	197	183	199	209	196	224	175	201	191	166	212	167	173	194	171	201	188	197	214	196	182	178	210	194	182	190	201	189
Sulfurovum	3	1	1	3	7	6	3	3	6	0	3	1	2	5	3	2	2	1	1	2	6	1	6	4	2	1	5	1	1	1	2	2	0	0	4	0	2	0	3	2	4	6	3	3	1	0	4	2	5	2	2	0	0	3	4	2	1	6	3	3	5	1	2	3	5	4	1	3	5	1	2	2	3	2	5	2	3	4	1	4	1	2	2	4	4	5	4	2	1	6	3	0	3	2	2	4	4	1	4	1
Sva0081 sediment group	3	7	7	7	5	6	3	5	9	7	7	7	8	7	3	4	6	9	4	4	3	4	4	4	5	9	6	7	1	7	5	2	3	1	4	4	6	3	2	8	8	8	3	6	3	5	6	5	4	4	11	2	7	5	4	6	6	5	4	4	5	4	7	3	5	2	6	6	4	2	4	5	4	4	4	3	4	8	3	8	5	4	3	6	3	2	5	7	1	3	6	2	6	4	6	8	9	1	2	5
Syntrophobacter	2	0	1	2	1	5	3	2	6	3	5	0	1	1	3	1	2	3	4	3	2	1	3	0	3	0	2	5	2	1	1	3	2	6	2	4	0	2	0	3	0	0	0	5	2	4	2	1	1	3	1	1	1	0	1	3	0	2	2	3	5	1	3	0	3	2	1	0	3	1	3	2	1	2	2	0	2	2	1	4	2	5	1	2	1	5	0	0	1	5	2	2	2	3	2	1	5	4	1	4
Syntrophorhabdus	4	4	3	4	3	1	5	4	1	7	1	0	1	2	3	1	2	1	3	3	9	1	3	5	3	4	4	2	5	2	2	3	5	2	7	2	3	6	3	1	3	3	8	1	2	3	3	3	2	2	4	3	2	2	1	6	8	2	6	2	4	3	3	4	2	3	5	5	2	2	4	0	6	3	2	1	0	4	3	2	2	3	5	3	5	3	1	3	0	3	4	1	4	1	1	4	6	3	1	5
Syntrophus	6	5	4	12	9	1	6	8	10	4	13	5	8	6	6	10	7	10	6	3	6	6	5	7	5	10	5	4	10	10	4	8	5	4	7	10	6	10	8	14	6	7	3	9	4	3	4	2	10	5	13	4	17	8	6	7	12	9	7	10	12	5	6	8	7	7	10	8	11	6	11	10	9	12	11	5	10	6	6	11	7	9	8	4	4	10	8	12	7	7	6	11	13	5	7	9	6	5	7	7
Tabrizicola	63	80	78	73	55	83	74	71	75	94	64	75	73	86	69	83	82	85	67	84	71	70	90	79	69	72	82	69	101	83	96	76	66	95	58	82	73	68	75	80	84	71	85	77	83	87	90	84	89	81	69	74	78	81	91	90	88	84	80	75	84	102	82	84	72	73	81	82	93	109	87	89	80	77	79	66	79	68	85	67	72	83	75	80	65	86	76	76	89	76	82	78	96	76	85	85	77	96	89	76
Taeseokella	1	0	0	2	3	2	2	0	2	0	0	3	0	1	0	1	4	0	4	1	1	2	1	1	0	0	1	2	5	4	0	0	1	2	0	1	0	4	2	1	0	2	1	1	1	0	1	0	2	1	1	2	2	1	2	2	5	0	0	0	0	0	0	1	0	0	0	1	2	2	2	5	3	1	1	1	0	3	0	0	1	0	1	0	0	0	0	3	2	0	2	1	1	2	0	0	3	0	0	0
Tahibacter	5	1	1	1	0	1	1	1	4	1	1	1	0	1	2	1	2	0	1	0	3	3	2	2	1	2	0	0	0	2	0	4	2	1	3	2	1	4	2	1	0	1	1	2	3	1	0	2	2	4	0	1	1	1	1	1	1	1	1	0	1	0	0	2	2	1	1	1	0	0	1	3	0	1	1	2	1	0	1	0	1	0	1	1	3	0	4	2	2	3	2	1	1	2	5	2	1	2	1	2
Terrimonas	294	280	270	285	273	293	301	298	293	277	263	291	291	284	293	303	289	295	290	282	300	270	276	279	271	308	278	311	307	287	273	278	316	281	303	308	306	298	273	285	310	303	277	274	268	285	263	278	267	281	309	278	290	270	282	300	275	314	316	282	287	287	300	306	280	291	254	296	314	293	321	289	321	303	294	275	273	300	279	305	299	259	322	293	266	273	278	300	292	291	278	305	269	282	295	284	285	305	281	269
Terrisporobacter	3	1	2	1	4	1	1	3	4	1	1	3	2	2	2	0	0	2	1	2	1	1	3	2	4	0	1	1	0	1	0	0	2	2	1	0	1	1	2	1	2	2	0	3	3	2	1	1	0	2	1	0	2	0	1	2	1	2	1	0	2	1	1	2	2	0	0	1	0	1	0	0	1	0	5	0	3	0	2	5	2	1	1	0	3	0	1	1	3	1	1	4	1	0	1	3	1	2	2	2
Tessaracoccus	6	9	6	10	5	5	3	4	10	4	3	7	12	9	8	8	7	7	6	8	6	10	4	5	3	8	9	4	8	10	2	7	8	4	4	10	6	6	8	4	5	5	7	9	13	7	3	9	2	8	9	6	8	3	5	7	7	9	4	7	9	6	7	4	5	6	10	5	7	7	7	12	7	14	4	5	3	4	3	8	5	7	7	7	8	7	6	7	5	4	7	16	5	8	8	3	2	8	8	5
Tetrasphaera	69	77	80	77	94	99	80	84	72	91	58	86	90	82	88	75	82	95	77	89	98	70	80	80	85	69	88	97	78	81	94	85	100	80	80	103	56	77	80	78	77	82	81	80	80	74	75	89	88	68	86	69	84	88	95	77	85	82	78	92	93	99	96	66	84	80	69	76	82	66	85	73	88	98	73	80	77	87	81	82	84	85	96	81	89	78	89	87	77	88	67	72	89	79	87	76	62	83	81	67
Thauera	176	178	180	171	196	167	180	173	174	167	187	167	192	189	190	167	171	173	187	184	160	181	177	157	192	189	197	169	176	182	168	189	192	179	161	173	156	180	186	184	170	176	193	204	173	183	191	173	166	185	158	190	164	167	180	172	182	186	183	140	180	183	166	184	196	176	164	164	172	186	181	163	188	149	205	191	203	183	182	164	198	178	186	172	166	174	176	189	185	150	162	151	188	191	191	189	162	170	152	200
Thermomonas	61	60	56	60	52	68	56	70	70	63	57	66	66	67	64	61	57	66	64	55	62	72	52	66	73	74	66	55	61	56	61	57	72	64	58	54	62	71	63	69	82	53	56	69	64	67	66	43	51	49	73	57	57	70	65	60	77	55	69	66	69	50	65	56	57	66	69	61	61	59	77	50	50	55	57	65	65	65	65	63	65	68	57	73	58	69	61	54	59	53	67	64	60	59	61	66	53	70	57	62
Thiobacillus	9	4	9	6	7	10	7	6	7	12	11	15	10	7	6	8	10	5	6	6	12	9	8	9	8	5	12	6	8	9	7	4	7	6	5	5	7	5	3	6	7	6	14	8	6	7	10	7	8	9	7	5	16	8	8	9	9	5	4	9	9	5	11	8	4	10	7	7	6	5	10	9	6	9	4	8	6	9	6	2	6	3	7	7	9	10	10	5	12	8	8	10	7	10	4	5	7	10	6	4
Thiothrix	34	39	42	37	38	27	43	31	37	47	39	51	51	37	43	39	52	49	40	40	45	33	40	34	34	33	38	40	49	35	45	30	43	44	38	36	35	45	34	42	41	31	35	37	35	37	45	43	42	46	49	49	48	39	32	44	47	32	41	38	49	46	36	54	31	45	33	37	50	37	30	43	48	34	30	38	38	46	37	47	29	54	29	45	30	38	38	26	36	34	32	47	37	43	42	35	38	40	44	33
Tibeticola	4	1	5	4	2	5	4	5	3	3	5	2	1	2	2	0	3	1	0	2	5	2	5	6	2	1	3	7	3	4	4	1	4	5	5	7	3	5	1	4	2	2	3	4	3	6	2	4	4	4	5	4	3	5	4	2	3	3	2	1	3	5	4	2	5	4	4	3	6	1	4	4	3	2	3	5	2	1	2	5	3	2	6	1	1	2	2	1	2	2	4	3	3	1	1	7	1	3	3	2
Tissierella	2	2	1	2	3	1	1	3	2	0	0	2	1	1	3	0	2	4	1	2	1	2	2	1	1	1	1	1	1	3	2	2	4	1	3	1	1	0	3	2	1	0	1	5	5	2	4	1	1	1	3	0	3	6	5	3	1	0	1	1	3	1	2	1	1	2	1	3	1	0	4	2	4	1	0	2	2	1	0	0	1	0	0	2	0	1	1	4	1	0	3	1	2	0	2	2	3	3	2	2
Tolumonas	121	113	104	135	129	127	111	119	116	110	125	122	112	110	106	106	103	105	111	126	113	123	112	115	139	124	121	111	105	114	119	111	110	111	124	142	124	128	108	127	126	116	117	126	117	124	118	111	124	115	134	137	114	124	109	117	121	122	112	124	123	120	131	138	119	125	125	120	100	129	110	129	86	121	121	129	116	144	122	145	110	96	120	127	116	104	117	112	114	120	139	120	119	135	96	131	102	113	131	128
Trichococcus	386	407	411	425	403	388	416	415	380	394	406	382	395	405	387	395	371	386	399	374	419	389	431	433	432	371	395	379	419	379	415	406	383	391	394	419	373	366	403	403	380	411	445	355	399	393	416	389	393	388	446	422	410	392	379	405	380	389	402	419	439	414	395	403	416	394	397	426	389	406	374	427	399	365	401	405	415	391	408	386	417	378	385	405	401	393	374	417	387	369	451	434	408	388	418	405	414	404	393	408
Turicibacter	3	0	1	2	1	0	0	2	0	0	1	0	3	1	3	0	0	1	2	1	0	0	3	1	0	0	0	2	0	3	1	0	3	0	3	1	0	0	1	0	3	3	1	3	0	6	2	0	0	0	3	0	1	2	1	1	1	1	2	3	1	1	2	0	1	2	1	0	0	1	1	0	1	2	0	3	0	0	1	1	0	0	1	2	1	3	0	2	0	3	5	1	2	3	4	1	1	4	1	3
Tychonema CCAP 1459-11B	6	8	8	4	10	4	5	4	3	9	10	15	3	2	3	11	7	6	11	10	7	9	8	8	1	5	6	11	5	5	4	6	8	5	5	5	5	4	4	9	9	8	3	4	7	4	6	6	13	9	8	4	6	6	7	6	5	2	5	10	8	1	5	4	7	4	7	6	3	4	6	6	5	5	5	7	7	4	8	8	7	4	10	4	9	6	3	8	4	6	9	7	6	2	5	6	11	14	6	7
U29-B03	5	2	0	2	1	2	2	4	6	1	1	0	1	2	2	1	3	1	0	4	1	2	2	1	0	4	2	0	2	2	2	1	1	2	0	2	2	0	0	0	0	1	1	3	0	1	3	2	1	0	4	3	4	1	2	1	1	2	2	2	3	3	1	2	2	3	2	0	3	2	0	0	0	0	1	3	1	1	0	2	0	6	3	2	0	3	1	1	1	2	0	2	2	5	3	1	1	2	3	2
UKL13-1	6	7	5	12	4	9	8	8	11	2	7	5	7	5	5	8	6	8	8	5	4	1	5	13	8	3	5	9	5	9	5	9	7	8	10	7	8	7	5	3	9	6	6	5	4	5	5	2	6	6	7	7	5	4	10	6	10	5	9	6	5	5	6	8	9	4	9	7	9	4	8	3	3	9	6	3	6	7	6	3	3	6	6	10	6	6	2	5	4	7	5	6	6	5	4	7	7	8	6	8
Uliginosibacterium	4	6	3	4	8	4	5	2	5	2	3	4	6	3	7	7	5	5	2	4	3	3	6	7	6	3	3	4	3	4	6	4	1	4	7	5	3	4	2	5	4	4	3	3	3	3	5	1	1	1	6	5	6	4	3	1	7	1	4	4	1	1	6	2	2	5	7	8	5	3	2	8	5	7	1	5	8	1	7	5	4	5	6	6	4	4	2	3	6	7	9	2	6	3	1	5	3	1	7	4
Undibacterium	107	79	89	87	94	90	73	81	102	64	78	67	78	63	74	78	76	71	92	80	82	94	87	80	93	83	110	91	75	69	72	85	70	85	76	78	61	79	89	75	83	82	84	75	71	77	70	59	83	70	78	82	78	86	90	92	91	87	72	86	75	75	74	92	92	84	88	67	65	97	96	92	85	88	102	80	70	94	79	78	85	71	84	80	94	83	76	75	91	99	69	93	78	83	92	77	76	104	89	74
Variovorax	16	20	26	24	21	18	22	25	18	22	18	9	22	22	16	24	10	18	20	24	22	23	22	23	26	18	15	23	21	21	17	21	19	19	17	22	13	21	20	24	33	21	23	28	24	24	21	25	19	17	22	19	16	23	13	18	15	19	19	23	21	23	18	17	22	26	18	35	28	10	19	21	30	22	23	20	26	15	37	21	15	19	19	22	27	21	19	14	19	23	15	18	22	9	21	21	20	16	15	17
Veillonella	4	5	3	3	3	2	3	2	4	2	3	4	2	3	2	3	3	5	2	4	6	5	2	1	1	2	4	1	6	5	3	2	2	5	3	2	4	3	1	5	3	4	6	3	4	2	1	0	0	0	4	2	1	6	5	2	1	3	1	2	4	5	3	5	3	6	4	2	3	4	5	4	4	6	4	4	5	9	6	2	4	4	4	1	4	3	5	3	2	5	5	3	5	5	6	2	2	1	5	3
Verruc-01	6	4	2	4	7	3	5	4	4	6	1	5	5	9	5	3	5	5	6	5	7	4	4	4	6	4	7	5	7	4	5	6	9	1	6	5	3	6	2	5	4	9	7	2	6	2	4	5	6	4	7	4	6	6	3	6	3	5	6	3	2	2	6	2	6	5	7	4	7	5	4	2	8	8	1	5	5	3	9	3	2	9	3	6	1	4	4	7	2	5	1	9	3	3	3	3	6	5	6	3
Verticia	3	4	3	3	7	7	4	3	2	2	10	7	8	5	6	4	3	7	3	3	8	13	4	7	5	3	4	12	11	6	6	5	8	5	3	8	4	4	6	3	2	5	3	4	5	4	6	4	4	3	5	4	5	7	3	4	1	2	6	3	8	4	10	8	5	4	5	5	7	9	5	6	7	6	8	10	8	4	3	8	7	7	1	6	9	6	5	5	6	7	6	10	4	5	1	9	5	3	2	6
Vogesella	1	1	0	2	3	0	1	3	3	0	1	2	2	1	2	1	2	2	2	0	0	3	2	2	1	2	0	3	2	1	1	3	2	2	1	1	3	1	2	2	1	2	0	2	0	0	1	3	1	0	1	2	2	2	1	2	1	0	3	2	1	1	3	1	3	1	0	0	1	0	1	2	1	0	3	2	2	2	3	4	1	2	1	1	1	3	2	2	1	2	2	1	2	1	1	0	0	1	0	4
WCHB1-32	6	5	4	5	10	1	6	6	9	4	8	6	3	1	5	8	2	3	7	10	5	6	6	7	8	9	5	5	7	12	7	10	8	6	8	9	12	11	5	4	4	6	6	6	6	7	7	8	7	4	7	6	6	7	5	12	8	4	5	4	6	6	8	11	7	7	4	2	5	3	4	6	8	2	1	9	8	7	6	7	12	11	8	5	10	5	8	4	5	3	10	6	3	6	10	5	6	6	7	10
Woeseia	3	1	1	3	0	3	0	1	1	2	1	3	5	2	2	3	1	2	3	1	1	0	1	1	3	2	3	4	2	4	1	0	4	2	3	2	9	2	0	1	7	2	2	0	0	0	3	3	2	1	1	2	2	2	2	2	3	1	2	4	3	4	1	1	2	3	1	2	3	0	3	3	1	2	1	1	3	4	0	2	2	1	1	0	1	2	3	1	1	1	4	3	2	2	1	1	3	2	2	2
XBB1006	9	7	7	7	6	4	8	10	11	10	4	7	6	8	10	12	5	11	9	8	14	6	7	10	10	8	8	11	6	7	6	10	10	10	8	9	9	0	6	2	15	14	10	6	9	15	6	7	8	7	9	13	13	8	6	5	17	11	6	4	6	13	3	10	13	3	8	12	9	10	11	5	7	10	3	7	5	9	5	7	15	4	4	11	9	8	11	11	7	10	13	7	11	7	9	16	9	8	4	9
Xanthobacter	0	1	3	0	1	1	2	1	1	2	0	1	2	0	3	2	1	0	0	1	1	0	2	1	1	1	1	2	0	2	2	1	1	1	0	0	1	0	1	1	3	1	4	2	3	3	0	3	1	1	0	1	0	2	1	3	2	1	0	3	1	2	1	1	1	2	0	0	1	0	0	2	2	1	0	2	1	1	3	2	0	2	0	1	4	4	1	1	1	0	3	0	2	1	1	1	0	0	2	1
Xylophilus	5	2	5	6	4	6	2	2	6	5	1	2	3	3	1	3	1	4	7	2	7	0	6	4	6	3	7	3	7	4	4	3	4	2	2	3	8	3	4	3	7	3	3	4	7	3	6	8	5	5	4	3	1	3	8	4	5	0	4	3	5	4	4	5	2	3	5	5	7	4	5	4	2	3	3	4	6	5	5	5	3	5	7	6	8	2	8	5	5	4	2	2	10	3	5	4	6	8	2	5
Yersinia	6	6	13	6	7	8	6	6	7	4	8	11	9	7	7	7	10	9	6	6	6	10	6	9	16	4	12	9	9	8	7	6	6	3	7	9	8	10	6	8	12	11	4	8	7	9	9	4	15	4	10	9	8	5	7	3	5	10	9	4	8	9	6	10	10	6	8	11	9	8	12	8	8	9	9	12	2	8	8	8	2	15	3	7	9	7	8	9	4	11	5	10	11	5	14	9	7	7	4	11
Zoogloea	1887	1949	1914	1943	1892	1974	1963	1932	1964	1897	1918	1871	1889	1882	1872	1928	1923	1909	1962	1893	1923	1912	1916	1939	1860	1910	1944	1881	1884	1955	1916	1969	1828	1897	1889	1923	1944	1986	1917	1869	1859	1946	1909	1939	1880	1841	1933	1967	1953	1852	1976	1919	1905	1897	1933	1987	1981	1951	1885	1926	1910	1899	1901	1910	1937	2081	1919	1982	1874	1921	1813	1884	1982	1915	1885	1967	1903	1950	1942	1877	1961	1901	1991	1872	1932	1963	1973	1967	2043	1949	1993	1985	1982	1947	1947	1895	1921	1942	1898	1949
Zymophilus	3	0	0	2	1	0	1	1	0	1	1	0	0	1	1	0	0	1	0	3	1	3	0	2	0	3	3	1	2	2	3	1	3	0	1	0	1	0	1	0	1	2	1	1	0	0	0	0	1	0	0	2	1	0	1	1	0	1	1	1	1	0	0	0	4	1	1	0	0	1	1	1	0	0	2	0	2	0	0	2	2	1	1	1	1	2	2	4	2	1	1	1	1	2	2	1	4	2	0	1
[Agitococcus] lubricus group	19	11	14	9	9	17	11	15	16	18	12	20	13	16	9	7	13	10	18	14	12	18	17	7	22	20	16	10	7	9	11	12	8	13	6	10	13	20	14	12	16	15	16	23	18	20	16	12	13	11	17	18	14	12	20	11	9	11	9	10	17	11	16	7	13	11	17	20	16	10	9	16	18	16	11	12	21	12	15	8	11	15	14	11	15	14	10	14	8	9	17	12	13	8	15	23	11	15	13	9
[Aquaspirillum] arcticum group	7	4	3	3	3	4	6	1	3	1	2	1	5	6	2	4	6	6	4	4	2	1	4	4	3	4	0	0	3	2	3	3	2	1	5	4	2	6	4	3	9	2	1	4	3	2	3	1	2	2	2	6	4	5	4	1	3	2	1	3	4	3	4	1	4	3	4	4	2	4	2	5	7	0	6	7	3	3	5	3	2	2	4	6	3	2	0	3	2	2	4	6	2	3	4	4	3	2	4	1
[Eubacterium] coprostanoligenes group	8	4	4	9	3	5	7	6	8	4	6	5	4	2	10	5	10	6	6	6	7	7	5	12	3	8	1	8	5	7	6	7	8	4	1	6	6	7	7	1	6	5	6	2	7	9	6	3	5	9	3	3	9	5	4	1	7	13	11	5	8	3	6	7	6	4	6	5	5	6	9	9	9	4	11	7	4	5	6	7	5	3	8	5	5	8	5	3	4	6	6	5	9	6	6	3	4	6	8	9
[Eubacterium] eligens group	9	9	4	2	5	4	6	5	7	4	9	6	6	9	9	5	3	9	7	4	14	8	8	4	6	6	12	4	5	4	13	6	8	4	7	8	9	3	5	8	7	6	5	9	9	4	3	8	4	5	3	9	6	9	5	14	6	10	9	5	2	7	4	4	7	5	7	12	7	6	6	9	9	8	6	6	6	4	4	9	7	9	8	4	9	6	12	7	4	10	6	7	8	8	5	6	3	7	12	12
[Eubacterium] hallii group	5	7	8	4	5	10	6	9	6	4	1	6	5	5	6	6	5	8	2	9	3	4	3	7	5	4	8	2	3	5	4	3	4	7	9	5	8	2	8	9	5	10	6	5	4	5	6	8	7	6	5	5	8	8	1	9	7	6	4	9	6	4	6	3	10	6	4	11	4	10	10	7	7	6	6	6	7	6	5	14	6	7	4	11	1	5	3	7	4	3	5	5	5	10	2	4	14	3	5	5
[Eubacterium] ruminantium group	1	5	0	0	0	0	3	1	1	2	1	1	0	0	2	2	1	1	1	0	1	2	2	2	1	1	3	1	1	3	0	1	2	2	0	0	2	3	4	1	0	0	1	2	1	0	1	2	3	1	0	4	1	0	1	1	3	1	1	0	1	2	1	2	1	0	1	2	0	2	3	1	1	3	0	2	1	2	2	3	3	0	0	2	1	3	1	0	1	0	1	2	1	1	1	1	2	0	0	1
[Eubacterium] ventriosum group	1	1	1	2	2	2	0	3	2	1	3	3	2	1	3	0	0	0	1	2	1	1	2	2	2	1	3	2	3	4	1	2	4	4	1	2	4	0	2	2	1	2	0	3	1	0	2	1	2	2	2	1	0	5	2	6	1	1	0	4	0	3	3	2	1	2	3	2	1	3	1	2	2	1	4	3	4	2	1	3	1	2	4	0	1	3	3	2	3	2	0	3	1	2	1	0	3	1	3	3
[Eubacterium] xylanophilum group	1	2	0	0	0	3	2	1	0	1	0	0	0	2	1	1	1	1	1	1	2	3	0	1	0	0	2	0	1	0	1	1	3	1	1	0	0	3	1	1	1	0	2	0	2	3	1	1	1	3	2	2	0	2	3	0	1	0	1	2	3	0	1	1	2	1	1	1	1	1	1	2	1	1	1	1	0	2	0	3	0	1	0	1	0	0	1	4	2	0	0	1	1	1	4	1	1	2	2	1
[Ruminococcus] gauvreauii group	10	5	6	3	6	11	4	5	10	8	10	8	8	12	9	8	7	9	8	8	8	10	6	9	6	5	6	5	8	6	11	5	9	3	5	5	10	6	14	8	11	8	8	11	10	11	9	6	4	4	9	15	6	8	10	9	9	9	7	10	6	5	7	7	3	8	4	9	9	12	10	6	8	4	3	7	9	3	6	3	2	13	5	5	11	7	7	9	9	10	12	4	5	8	6	5	14	13	6	8
[Ruminococcus] gnavus group	3	0	1	0	0	0	0	3	1	1	1	0	0	1	1	1	1	0	0	1	2	1	3	1	1	1	0	0	1	0	0	3	1	0	0	2	1	0	1	1	1	0	1	1	2	4	2	2	4	3	0	1	1	2	0	2	1	3	0	3	1	1	1	1	3	4	0	1	0	2	0	1	1	3	1	2	1	0	3	1	1	0	1	0	2	2	0	4	1	1	4	0	1	0	1	1	1	2	1	1
[Ruminococcus] torques group	16	12	10	16	10	17	12	15	8	14	12	12	8	15	16	22	14	7	24	16	11	10	15	8	19	5	22	19	12	19	12	14	9	24	20	15	14	14	11	9	8	16	15	12	9	15	14	12	10	18	8	15	15	13	20	10	13	17	11	16	13	8	10	15	15	13	14	13	14	16	14	12	17	10	15	11	17	15	9	18	9	14	15	12	15	9	12	14	15	14	9	20	19	13	9	16	11	15	16	13
alphaI cluster	22	27	25	21	25	18	31	28	26	28	27	11	26	23	39	16	23	32	35	15	29	30	17	22	18	29	26	26	20	29	17	25	18	27	21	37	22	29	36	16	28	26	23	29	23	22	27	18	26	27	24	24	27	27	28	37	33	24	24	13	23	22	22	19	24	22	24	38	21	20	24	23	18	21	26	28	18	21	22	22	21	26	29	26	20	24	30	37	20	22	26	21	17	21	24	22	21	21	24	28
hgcI clade	56	57	62	60	55	61	55	56	73	56	60	66	55	63	55	47	73	73	58	67	58	62	77	62	59	65	63	66	63	48	70	61	62	76	66	54	61	67	65	62	52	67	67	66	47	63	62	61	60	66	51	60	71	62	50	56	59	71	47	65	54	46	63	52	56	64	71	61	47	66	63	74	74	77	54	61	68	58	67	64	69	62	51	70	63	62	70	71	64	59	60	61	55	58	68	57	72	59	61	48
oc32	10	8	12	11	5	5	7	10	12	14	5	15	6	4	9	10	8	13	17	11	12	7	14	8	7	7	7	18	11	9	5	6	12	10	7	6	3	4	9	12	14	10	12	6	12	11	8	9	6	5	13	11	10	10	9	11	14	8	9	12	14	9	14	4	9	13	6	12	12	10	7	11	3	9	13	14	8	9	5	6	14	7	13	9	8	14	13	10	7	6	7	7	9	8	13	9	8	7	7	10
possible genus 04	4	4	5	0	5	0	6	1	5	1	3	5	5	3	3	3	0	3	4	1	4	6	3	1	5	4	2	2	4	3	5	2	1	3	0	2	1	4	2	2	0	1	4	1	2	6	5	2	2	1	2	1	3	1	2	2	0	0	4	5	2	3	2	3	0	4	0	4	4	2	4	1	0	3	3	3	2	3	4	3	3	1	3	4	4	2	2	1	0	4	2	5	3	1	6	2	2	2	2	1
